48.85	17.76	5.9456	95496	7.4195	524.26
59.368	7.6624	4.5441	87744	7.2811	502.21
88.084	95.918	36.226	93130	7.5034	491.95
3.8899	85.415	75.799	87819	7.4172	485.97
38.824	8.1161	5.9689	86391	7.3807	484.44
92.054	46.308	141.7	82962	7.3595	481.1
3.8294	75.851	55.336	80210	7.2742	470.49
77.381	97.264	36.913	70770	7.0509	466.86
72.084	92.035	26.939	74134	7.0378	465.78
18.875	71.015	5.7835	82911	7.3388	465.95
65.247	33.681	33.802	90555	7.5926	463.03
49.656	6.8435	5.8403	68280	6.9699	463.53
75.772	32.794	72.603	86701	7.4926	462.17
66.399	86.274	16.485	86258	7.5227	462.02
49.471	39.383	6.0196	79146	7.2852	461.17
56.109	97.484	36.636	67862	6.9523	458.96
82.745	90.029	5.1672	71583	6.9935	459.33
87.08	9.7384	208.81	72174	7.103	457.16
77.535	95.25	71.118	65465	6.8693	457.39
70.932	80.422	6.1605	81886	7.3781	457.38
97.342	63.053	72.317	71711	7.0908	455.46
3.2323	45.49	34.262	72296	7.1228	455.19
70.864	48.634	4.5491	73644	7.0663	454.72
66.258	97.486	36.467	65915	6.9241	453.03
61.107	57.545	123.19	70946	7.0677	451.28
90.501	36.699	101.68	71024	7.2033	449.29
3.599	86.849	34.54	78546	7.3345	450.35
23.108	3.2434	35.139	67210	6.8781	450.52
60.984	92.036	26.343	68445	6.9586	449.67
18.223	40.369	5.5425	79713	7.3317	450.17
3.7389	97.61	36.105	68206	7.0166	447.73
2.7994	56.437	35.045	60903	6.7389	446.84
8.3778	71.208	5.3942	81480	7.4129	446.45
7.3813	40.72	5.1291	72111	7.1545	446.73
97.512	42.289	95.959	59820	6.7909	445.23
77.369	95.926	89.616	69559	7.1066	445.62
67.015	94.303	53.852	70875	7.1167	444.67
82.665	90.367	25.091	70438	7.07	446.11
28.296	8.1605	5.1415	72424	7.1689	445.74
9.136	90.229	64.865	66358	6.993	444.12
81.677	57.077	123.06	66497	6.9708	440.7
97.65	42.427	106.86	68087	7.0774	440.59
66.665	53.45	73.179	66234	7.0339	441.59
45.69	96.822	35.475	65552	7.0098	440.37
59.608	6.4314	25.214	65076	6.8719	440.95
39.159	49.645	24.993	75519	7.2266	441.65
29.342	60.179	24.05	72692	7.1493	441.55
3.7704	97.65	15.774	62311	6.8062	440.61
39.54	81.268	4.962	69417	6.9873	440.84
91.644	4.6772	25.606	65811	7.0165	439.92
49.291	6.4941	24.943	64922	6.8915	439.68
81.29	58.649	23.647	79645	7.4057	438.5
56.362	96.317	15.303	76330	7.3647	440.03
49.563	59.821	4.9162	71346	7.1017	440.23
45.496	63.281	113.96	69881	7.135	437.51
50.962	68.024	103.2	77656	7.3279	436.21
90.716	48.589	101.58	60586	6.8728	437.72
35.374	96.844	35.517	70639	7.1494	436.69
50.107	59.963	23.899	74233	7.1546	437.92
75.653	31.996	111.56	75104	7.3482	435.88
76.428	84.354	53.853	70726	7.1317	435.67
66.909	97.064	16.519	64862	6.9536	435.58
2.9607	56.898	15.11	58528	6.6285	435.2
54.656	11.475	15.596	60711	6.8386	434.33
8.8705	92.541	5.8101	67663	7.0411	434.97
92.022	37.771	4.3489	70352	7.0382	434.66
76.348	33.759	184.3	80438	7.4972	433.47
5.07	87.013	166.82	83333	7.5654	432.75
45.053	73.413	94.839	60087	6.8179	432.6
77.341	83.653	73.166	68021	7.0438	432.49
3.1826	24.341	73.492	64310	6.9374	432.54
3.3298	55.566	55.177	60604	6.8094	433.12
64.95	3.1224	53.248	59473	6.687	433.91
39.042	8.2244	22.766	68716	7.059	432.88
34.863	64.411	15.082	64422	6.9677	433.51
82.293	69.423	4.7377	69195	7.0449	432.58
30.047	58.579	123.92	66673	7.0636	431.12
24.795	94.91	55.805	61270	6.8487	430.47
93.05	90.422	24.383	64155	6.9047	430.2
7.1554	51.877	24.617	65927	7.0138	430.57
69.98	6.9058	23.996	66443	6.9525	430.83
14.537	65.343	15.498	67502	7.1512	431.58
3.4683	46.03	15.887	60660	6.8255	431.67
44.297	2.7929	15.019	54699	6.6135	430.1
28.502	40.108	4.8154	69897	7.117	430.27
50.927	57.933	123.56	62795	6.9169	428.38
97.342	52.763	91.784	67672	7.0817	428.4
71.425	58.631	63.637	65481	7.0171	429.34
7.9577	60.776	45.715	70979	7.1486	429.32
29.591	90.694	45.13	66723	7.036	429.05
13.825	97.417	35.999	64396	6.9486	429.49
3.1211	66.511	35.057	62526	6.8256	428.58
34.934	65.44	33.416	66967	7.0743	429.5
40.287	70.5	23.498	70960	7.1785	428.49
14.37	97.346	15.451	64841	7.0182	429.3
86.344	43.054	91.679	70535	7.1933	426.82
33.773	54.872	34.891	68473	7.1042	426.46
50.63	91.275	24.892	65526	7.0121	426.74
93.277	89.918	4.7513	68658	7.0454	427
71.803	90.35	5.4681	66755	7.0259	427.02
49.784	70.326	4.8692	67513	7.0088	426.13
71.165	59.156	5.089	71172	7.1196	427.11
69.883	38.534	4.7118	69020	7.0704	426.09
40.599	58.144	123.47	61661	6.9138	425.64
24.932	64.005	113.95	70179	7.1254	425.94
61.87	67.89	102.39	65496	6.9926	424.15
44.411	3.2946	90.729	59238	6.7512	424.09
76.418	43.708	72.448	59871	6.8494	424.14
18.06	39.575	64.108	72953	7.2901	424.4
86.132	11.738	52.764	75424	7.3292	425.02
2.7997	35.436	33.855	57306	6.6925	425.14
97.633	63.342	33.575	67953	7.0849	424.6
75.852	12.577	32.63	72022	7.2268	424.83
3.466	87.367	15.528	63129	6.9438	424.46
29.599	91.66	5.1626	66053	6.9844	425.8
18.928	92.007	5.1402	70285	7.0586	424.86
82.313	79.878	4.9738	73544	7.2271	425.94
60.587	70.653	4.9193	64137	6.9316	424.66
7.3114	29.817	4.5797	66746	6.9966	423.96
24.549	32.344	171.39	59209	6.9143	422.18
76.498	51.898	132.69	57855	6.8019	422.87
14.277	64.129	113.95	65293	7.0307	423.81
82.27	67.521	101.87	62947	6.9466	422.02
3.5341	64.999	75.042	66459	7.0545	422.79
87.325	83.753	72.223	59118	6.8008	422.89
81.699	48.139	63.018	59736	6.8242	422.03
3.7627	95.41	55.774	58722	6.8756	422.27
18.75	70.622	44.87	67075	7.0822	422.79
60.273	58.943	44.978	69647	7.1273	423.35
98.112	95.205	34.773	55424	6.6022	422.78
45.159	54.946	34.178	72561	7.2165	423.57
18.56	50.422	24.565	77766	7.3971	422.06
24.771	96.94	15.887	69339	7.1612	422.67
33.356	3.239	14.972	62117	6.894	423.16
64.609	2.9056	14.441	59897	6.8487	422.46
50.252	80.894	4.798	63110	6.851	421.9
17.991	19.233	5.2258	67430	7.0222	423
60.633	59.298	4.6677	64980	6.9589	422.96
3.7319	74.645	94.984	61424	6.9652	420.82
14.384	74.456	94.868	60210	6.8889	420.99
7.8865	39.883	83.65	70311	7.2303	419.82
86.909	53.085	72.651	67922	7.1434	421.36
96.801	22.025	72.064	74938	7.3818	420.23
19.226	89.693	64.827	59397	6.8385	419.99
35.367	94.446	55.547	57996	6.8511	421.43
3.1109	65.569	55.666	56585	6.6544	420.55
12.242	3.8911	53.907	68139	7.1353	420.11
8.5199	91.035	45.341	64320	6.9843	421.04
70.903	78.963	44.545	68316	7.0738	420.52
92.612	68.321	44.315	67606	7.1547	421.52
76.493	84.128	34.225	69590	7.1572	420.41
59.829	17.768	23.072	68786	7.1169	420.94
87.954	95.356	15.069	67662	7.0642	421.76
98.107	95.02	14.451	56267	6.6409	420.85
91.316	6.5816	4.3662	59912	6.8032	421.7
9.2744	27.404	181.98	58232	6.8863	418.77
76.452	30.746	171.38	58912	6.8866	419.53
3.9045	64.472	114.19	59707	6.9142	418.18
98.226	22.432	109.27	52201	6.5506	418.54
50.068	48.265	102.03	67903	7.1538	418.33
76.597	63.238	73.134	65234	7.051	419.55
22.878	3.7377	72.044	70217	7.1937	418.99
92.821	78.772	63.053	62008	6.9036	418.71
14.056	94.915	55.455	60871	6.8709	418.95
50.791	90.235	45.255	64477	7.0274	419.04
7.1357	39.807	44.738	65943	7.0336	418.95
71.354	48.635	23.438	67841	7.1012	418.28
93.357	47.23	119.43	61841	6.9625	416.02
66.274	62.74	112.75	52784	6.6101	416.27
65.627	42.966	92.352	73927	7.3572	416.46
35.624	97.119	88.779	63265	7.0244	417.33
88.123	95.315	89.487	62360	6.9629	417.67
51.306	89.115	64.867	61017	6.8712	417.61
97.888	83.681	53.859	53407	6.5543	417.72
34.132	13.802	54.09	74939	7.3508	416.83
28.819	49.283	45.348	66591	7.0893	416.76
97.828	84.261	33.636	58949	6.7934	416.25
71.433	79.391	24.826	68392	7.1628	416.68
50.318	70.047	23.814	64742	6.9909	416.5
49.132	17.999	22.47	64822	6.9746	417.64
34.093	54.65	15.105	64435	7.02	417.17
97.934	84.866	14.568	55720	6.6453	417.14
45.146	65.303	14.441	61136	6.9158	416.5
96.558	22.359	13.272	67914	7.1579	417.34
50.327	91.048	5.509	60039	6.7881	417.33
7.821	60.657	5.17	64771	7.0063	417.19
71.278	69.924	4.7759	67821	7.0886	417.73
81.642	48.646	4.4348	60966	6.8823	415.74
80.385	17.198	4.1325	61130	6.8052	415.82
4.3832	77.905	127.5	67371	7.2236	413.71
45.487	76.739	107.72	68145	7.2249	414.12
50.047	58.819	83.698	61604	6.9464	413.81
61.568	78.319	83.35	59339	6.9017	414.56
38.269	8.2722	81.229	61916	6.99	414.88
45.49	84.112	75.12	58857	6.8178	414.01
34.958	84.12	75.085	64059	6.9794	414.54
66.172	43.236	72.716	69486	7.2123	414.68
55.004	3.1066	71.895	58223	6.7384	415.04
4.0189	97.882	70.972	60277	6.8528	415.63
24.521	75.123	55.116	72871	7.297	413.8
3.114	45.333	54.637	56366	6.6758	415.29
39.576	59.752	44.94	70693	7.2316	414.08
91.933	37.617	43.419	70987	7.2763	414.45
38.895	8.371	44.02	72871	7.2968	414.71
70.267	7.4426	43.242	68033	7.1575	414.59
65.197	12.96	33.353	64548	6.9872	414.46
54.381	13.072	32.759	65835	7.0255	415.54
19.236	92.046	25.152	64221	6.9693	415.33
9.3335	92.738	24.871	61225	6.9126	415.65
54.307	2.6654	15.383	46900	6.3863	414.35
44.34	54.842	15.021	60106	6.8733	413.91
40.076	26.437	181.19	63923	7.076	411.64
66.081	41.976	152.57	62760	6.9792	412.54
3.8017	53.942	133.56	58487	6.8816	412.66
3.8547	54.245	113.18	68246	7.2054	413.43
44.607	3.1341	109.93	55400	6.6884	413.23
98.08	84.152	89.986	49762	6.3708	412.91
71.575	78.452	83.657	61575	6.9837	411.84
55.965	83.709	74.677	59101	6.8172	411.93
71.839	79.186	63.609	69161	7.166	412.18
97.037	22.045	53.381	66598	7.1038	413.02
97.454	42.32	53.131	61952	6.9719	413.26
75.184	3.0434	53.398	54288	6.5704	412.98
81.983	78.976	44.586	67247	7.1244	412.39
55.508	85.349	34.261	66089	7.111	412.03
75.633	53.653	34.521	66095	7.078	413.02
35.11	75.68	33.954	70366	7.2097	411.91
12.098	3.3455	34.046	63627	6.9912	413.49
34.429	3.7885	33.159	63107	7.01	412.13
97.462	43.194	32.61	61879	6.9469	412.35
97.196	22.449	32.51	63884	7.0602	413.14
96.885	12.008	32.454	67243	7.1345	413.26
19.384	71.888	23.282	67207	7.1199	412.49
77.273	95.854	14.984	59187	6.7963	412.54
92.974	79.536	5.1795	61671	6.9015	411.65
7.1452	19.471	5.2689	64701	6.9997	412.81
39.667	70.621	5.021	64634	7.0011	411.66
39.395	50.186	4.9866	67700	7.0912	412.64
38.384	18.693	4.9028	60923	6.9021	411.64
4.719	11.673	210.5	60465	7.0106	411.38
15.114	11.493	210.02	61205	6.9689	411.48
66.433	10.04	209.37	58933	6.9377	411.6
67.118	54.261	203.94	74665	7.4784	410.87
81.531	35.747	161.29	56888	6.8665	411.23
24.75	74.181	94.769	60763	6.9444	410.35
87.376	73.219	92.071	62011	6.9924	410.19
56.946	96.484	89.666	63488	7.0811	411.16
14.678	97.715	89.54	57815	6.8399	410.87
40.136	79.087	84.397	57579	6.8129	409.63
93.143	89.111	80.554	65846	7.0905	410.53
3.2322	54.716	74.713	58779	6.8173	411.13
98.199	93.565	71.442	48634	6.4271	409.58
46.35	94.299	55.533	53922	6.7212	410.07
76.186	43.31	53.862	66961	7.1325	410.56
87.753	93.93	53.008	68388	7.1411	410.38
40.958	90.38	45.461	65740	7.0835	410.87
18.524	60.457	45.044	64335	7.074	411.07
7.6668	50.653	44.979	62256	6.9476	410.6
24.655	97.112	35.465	58748	6.9061	409.92
12.909	56.089	34.791	66412	7.0887	409.82
45.163	65.324	33.961	64686	7.049	411.01
60.602	79.499	24.578	67089	7.171	409.93
8.1553	61.699	24.918	62780	6.9722	411.19
40.782	91.548	24.714	59286	6.8616	410.78
29.803	81.42	24.025	71844	7.2701	410.37
38.784	19.247	23.705	69355	7.2077	410.12
80.966	6.7828	23.131	63742	6.9545	410.81
35.307	96.922	15.232	62802	7.0314	410.95
3.4273	76.731	14.784	62308	6.9891	410.22
74.996	2.7786	14.312	54406	6.6904	409.59
7.379	8.7715	5.2265	61307	6.9224	411.35
18.914	81.632	4.8274	66834	7.0578	409.83
92.159	47.794	4.4199	64526	6.9988	410.59
61.399	15.447	199.27	60181	6.9764	407.75
29.897	61.495	135.63	66557	7.2191	409.53
14.275	53.461	133.12	61336	7.0087	408.13
35.569	52.723	133	55801	6.8051	407.54
90.721	37.281	121.36	55263	6.7888	408.89
87.018	62.124	111.68	53123	6.6772	408.12
30.017	68.893	103.67	60268	6.8679	409.05
67.192	96.148	89.657	65312	7.1419	407.82
3.3744	74.934	75.543	58970	6.8694	408.6
66.591	83.592	73.862	61032	6.9526	409.05
24.724	97.441	69.864	64546	7.0821	408.62
66.662	96.242	70.564	60516	6.9543	409.55
29.92	79.792	64.706	66379	7.1193	407.76
92.881	88.759	62.836	60373	6.8809	408.6
81.839	58.558	63.186	61653	6.9638	407.71
70.997	48.426	63.363	61473	6.923	409.15
56.47	93.863	55.134	55700	6.7163	408.08
59.587	39.079	45.464	61006	6.9138	407.85
60.668	79.439	44.563	66020	7.1023	409.28
92.945	79.226	43.716	64886	7.087	408.79
7.1427	29.656	44.274	67871	7.165	408.29
59.597	7.9826	43.39	65035	7.0415	408.34
66.052	84.926	34.268	70667	7.2323	408.06
13.014	44.394	34.624	66381	7.1032	407.62
2.9197	14.831	33.054	57593	6.7551	408.02
30.318	91.638	24.852	60188	6.8773	409.22
92.083	37.887	23.033	66379	7.066	407.78
70.379	17.742	23.131	63662	7.0295	407.66
97.441	63.342	13.873	64468	7.088	408.83
40.03	91.624	5.2594	57501	6.7523	408.31
39.612	60.396	5.1317	65316	7.0839	408.62
73.183	90.789	195.89	64942	7.2356	406.41
4.0524	33.014	172.73	57347	6.8503	406.87
40.157	37.016	161.76	60033	6.9138	406.32
40.636	70.934	156.64	73333	7.4073	406.64
19.575	48.155	142.96	62087	6.9688	406.19
55.646	52.401	133.14	56156	6.8093	407.11
71.346	58.445	101.92	61578	7.0404	405.57
86.706	53.376	91.465	58637	6.9313	406.81
92.064	68.52	82.222	58108	6.8563	405.84
14.74	84.718	75.476	52060	6.6108	406.68
24.519	84.453	74.956	56576	6.8232	405.93
33.307	3.55	72.105	61479	6.9687	405.56
19.09	79.876	65.298	59412	6.8751	405.66
8.485	70.377	65.006	60251	6.9027	405.63
8.1123	50.009	64.128	64098	7.0131	405.83
65.191	32.788	53.461	58815	6.829	407.4
70.525	69.004	45.115	60978	6.9132	405.7
19.146	91.031	45.234	65243	7.0566	405.84
60.779	89.765	44.808	63618	7.0203	406.15
8.6841	80.957	44.998	63783	7.0041	407.02
8.838	70.937	44.703	62973	6.9858	407.27
35.469	85.983	34.439	67221	7.134	406.11
55.025	44.256	34.203	69096	7.1888	405.79
33.874	44.206	34.716	63710	7.0209	405.86
97.817	73.767	33.248	59092	6.844	405.54
2.8136	24.832	33.488	51338	6.5606	405.92
86.843	43.124	33.25	69251	7.1766	405.84
7.2578	39.729	23.633	64826	7.0765	406.91
65.868	74.354	14.726	66551	7.2037	405.53
92.486	69.543	5.5173	62165	7.0287	406.61
81.527	58.713	4.6165	59829	6.8366	406.26
56.042	23.585	241.76	71113	7.3849	405.38
66.727	64.79	186.09	60090	6.9628	403.62
35.537	65.903	185.95	72342	7.44	405.14
34.851	31.984	171.75	54398	6.7125	403.99
71.319	36.407	162.06	55664	6.8028	405.15
4.0903	43.253	152.87	60331	7.0181	404.17
60.899	47.374	142.49	56713	6.837	404.45
76.05	21.832	130.64	71279	7.3544	404.36
97.903	42.321	129.5	51989	6.6384	405.2
76.741	62.417	112.05	54893	6.7136	404.42
34.331	13.535	110.51	64023	7.1131	405.46
97.859	84.412	109.02	51948	6.5715	403.57
87.151	63.403	91.677	62008	7.0198	404.15
97.975	73.574	91.066	48320	6.3499	404.98
98.142	94.075	89.647	48816	6.3914	405.39
93.235	98.3	80.163	48264	6.6012	404.35
72.164	90.876	80.285	57539	6.8705	404.03
55.533	73.879	74.374	61190	6.9915	403.5
3.0848	34.872	73.815	56745	6.7525	403.76
87.73	94.322	71.753	59145	6.8657	403.95
61.271	88.851	64.231	56973	6.7734	405.13
49.997	59.32	64.352	63332	7.0245	404.9
7.6086	29.604	63.82	62945	7.0538	405.15
45.356	74.672	55.156	62529	7.0289	404.04
65.775	63.836	54.817	64267	7.0407	403.56
23.409	54.806	54.825	66905	7.2193	404.47
2.918	14.424	53.879	50144	6.4592	404.91
19.315	80.782	44.926	68151	7.1776	405.44
28.282	29.438	45.035	70049	7.2694	403.77
7.0994	9.3403	43.737	66834	7.1736	404.64
49.387	8.0641	43.638	64296	7.0838	403.52
45.602	85.576	34.394	64106	7.0592	403.86
75.887	63.977	34.814	67494	7.1189	403.72
65.571	54.067	34.47	62857	6.9979	403.47
76.192	43.277	33.548	63589	6.9887	403.91
81.972	68.942	24.369	68712	7.1958	404.39
40.183	81.064	23.814	63016	6.9562	405.03
49.672	49.565	23.989	65644	7.098	404.64
18.562	8.5645	24.303	58703	6.8833	405.17
81.401	38.117	23.153	66579	7.0857	403.72
87.789	85.269	14.991	63681	7.0358	404.45
23.313	3.4539	14.807	60476	6.9279	404.57
13.095	3.7242	15.117	61366	6.998	404.49
97.254	32.895	13.601	63189	7.0315	404.03
17.916	50.687	4.6574	61895	6.9289	404.41
70.728	27.749	4.4011	60410	6.8469	403.65
81.081	38	4.2782	62849	6.8799	405.11
45.628	10.336	209.43	60552	7.0382	403.05
55.68	20.602	190.6	53215	6.7753	401.72
19.644	58.786	123.86	55614	6.8134	402.05
4.5448	97.722	108.61	56630	6.8836	402.44
35.009	73.815	94.226	56607	6.81	403.31
54.837	3.0393	90.797	50096	6.4807	402.33
77.66	85.3	89.203	59871	6.9437	402.45
81.947	58.689	82.055	57046	6.82	403.13
70.45	7.2666	81.279	61543	7.0327	402.14
46.049	97.228	70.438	63593	7.0919	401.43
71.929	88.893	63.955	57051	6.7268	403.17
60.553	48.907	64.147	62184	7.0116	402.01
13.756	65.397	55.511	61151	6.9841	401.5
97.792	73.662	53.833	57942	6.788	402.83
2.9534	4.219	54.048	53276	6.6316	403.28
60.572	69.218	45.069	67554	7.1601	402.84
86.315	22.492	32.911	73862	7.3949	402.19
29.835	70.622	23.82	64061	7.0612	401.68
92.507	68.542	23.383	66258	7.1492	402.96
60.1	28.415	23.795	76831	7.4931	402.16
91.49	17.517	22.838	59719	6.9645	402.64
2.8745	66.821	14.753	52388	6.5552	402.53
13.319	55.236	14.594	67175	7.179	403.29
3.0312	35.054	14.269	54963	6.6602	401.68
29.592	59.667	5.324	60099	6.9253	401.82
17.711	29.321	5.0851	62857	6.9962	401.52
80.669	6.8099	4.9986	60821	6.8947	401.86
38.876	39.789	4.969	65141	7.0586	402.61
59.797	28.272	4.2354	58810	6.7763	403.04
30.617	5.6597	219.13	49786	6.6653	399.92
51.219	5.0819	219.15	54260	6.7756	399.94
25.058	46.125	185.31	67660	7.2864	401.09
45.143	31.682	171.37	58712	6.954	399.7
65.782	10.889	169.48	71830	7.3248	400.68
29.932	37.273	161.99	55023	6.7226	399.93
9.2655	27.77	161.44	63177	7.1374	400.41
35.142	42.591	152.42	53121	6.6974	401.38
97.611	74.375	127.97	54857	6.7866	399.4
98.01	94.683	108.77	51039	6.4962	401.32
39.729	28.294	101.3	62479	7.0518	400.16
33.223	3.2537	90.439	52747	6.6296	400.57
19.416	79.655	84.69	55976	6.7984	400.87
9.0815	79.999	85.201	57724	6.8058	400.67
50.748	78.613	83.955	55048	6.7098	399.84
13.621	64.81	74.867	64681	7.1101	400.32
23.818	44.611	73.943	65330	7.1254	400.77
3.1955	44.675	74.19	55260	6.7248	400.42
60.976	79.109	64.213	61675	6.9549	400.16
82.412	89.177	62.483	61903	7.0066	399.37
65.378	43.928	54.513	57061	6.8012	399.41
54.923	33.255	54.483	60468	6.941	400.67
50.496	79.761	45.049	63054	7.0403	399.96
17.713	49.92	44.821	61481	6.9694	401.25
70.321	48.451	44.978	59440	6.9278	400.79
39.017	18.547	44.257	71324	7.3187	401.26
70.735	17.388	43.82	64289	7.0739	400.59
17.223	8.9709	43.997	64296	7.1132	399.78
80.469	6.9602	42.821	63498	7.0825	400.47
91.344	6.4793	41.781	55637	6.8199	400.9
23.85	54.771	35.069	62090	7.009	400.29
13.38	65.996	33.753	64742	7.0765	399.93
50.549	80.182	24.086	62142	6.9749	401.33
45.552	96.601	14.955	59416	6.9555	400.38
76.666	43.772	13.551	60482	6.9728	399.47
7.6296	50.653	4.789	61703	6.9794	401.25
61.037	90.708	4.7907	59470	6.8527	400.61
91.466	16.845	4.239	60801	6.8857	400.23
69.926	7.2334	4.5242	64438	7.0258	400.98
70.278	17.534	4.04	57464	6.7704	400.09
61.544	4.7821	219.22	51201	6.7071	398.3
10.419	6.102	219.34	51072	6.6766	397.4
97.344	8.9877	208.13	55347	6.8448	397.36
40.803	15.793	199.76	55535	6.8499	397.52
39.906	26.877	160.79	63782	7.1608	397.81
24.865	42.697	152.7	52115	6.738	398.53
34.397	22.55	150.52	56085	6.8911	397.4
81.613	46.337	142.63	53561	6.7137	397.7
66.436	52.223	132.98	54252	6.7613	398.63
70.744	6.9497	119.68	59426	6.9549	398.14
51.377	91.319	118.03	66431	7.1965	398.84
82.364	70.046	117.93	60806	7.0197	397.74
92.384	58.55	101	55296	6.8193	399.1
93.1	78.722	81.368	56294	6.8019	398.09
86.939	62.967	72.63	61950	6.9931	397.56
96.959	32.592	72.753	63984	7.1679	398.78
65.171	2.8353	71.477	48337	6.4572	399.25
65.731	53.663	54.519	58206	6.8867	397.71
97.825	62.794	53.7	53714	6.6153	397.51
2.9531	34.752	54.385	52627	6.5637	397.72
49.598	39.036	45.252	67189	7.1718	398.5
50.026	59.485	45.096	63987	7.0285	398.19
70.486	58.612	45.099	58189	6.8862	398.59
24.495	86.482	34.529	62838	7.077	397.64
13.884	86.364	34.582	64851	7.1238	397.31
76.323	73.995	34.448	59556	6.9032	397.74
55.009	54.406	34.067	66003	7.1171	397.59
97.41	32.183	33.055	60813	6.9825	398.91
60.608	49.23	23.944	61198	6.9457	397.5
7.02	29.934	23.681	60816	6.936	397.89
28.501	18.99	23.968	75391	7.4667	397.91
33.442	14.024	14.345	66207	7.174	397.43
49.56	49.555	5.0298	64056	7.0624	399.16
29.076	49.824	5.1164	61997	6.9716	399.02
80.897	27.439	4.1757	58863	6.795	397.49
91.997	26.869	3.7262	54820	6.68	397.99
20.545	5.9786	219.48	51276	6.7048	396.73
86.808	30.651	170.73	55856	6.8635	395.91
60.678	37.017	162.16	54968	6.7775	396.6
50.673	50.444	154.97	55915	6.9059	396.55
3.738	3.2424	150.3	57138	6.8882	397.2
9.3691	48.442	142.98	53298	6.7315	396.38
50.605	60.833	135.68	58501	6.952	395.59
97.423	64.217	127.78	54629	6.8778	396.41
35.208	63.463	113.68	58127	6.9077	396.52
85.711	32.412	111.65	54521	6.8512	395.87
3.3884	24.24	111.84	55289	6.849	396.05
3.345	3.648	110.88	52220	6.7048	396.89
33.724	3.4093	110.18	57349	6.8681	395.52
3.74	78.1	107.5	57015	6.8778	397.18
8.9812	69.495	104.49	57535	6.8876	395.45
93.321	89.669	98.994	58996	6.9584	396.04
45.138	63.422	93.554	61060	7.0044	395.64
97.662	63.265	91.193	53249	6.7099	396.09
4.3984	97.941	89.731	54007	6.7474	396.12
87.976	84.593	89.945	58479	6.8664	395.27
85.905	2.6814	90.485	46782	6.4429	395.98
81.597	48.249	81.885	57601	6.8673	395.3
76.845	73.68	73.276	64983	7.1268	395.91
33.43	23.456	73.229	58285	6.9139	396.07
96.661	11.588	71.8	58615	7.0217	395.68
40.506	89.364	64.982	53878	6.6871	396.72
81.929	79.243	63.334	59799	6.9215	396.23
23.231	34.529	54.718	55585	6.8296	397.01
92.62	57.8	44.087	62016	7.04	396.38
81.287	27.784	43.936	62757	7.0632	396.99
59.608	17.809	43.33	63623	7.1016	396.92
91.566	27.24	43.287	64990	7.1624	396.23
13.834	76.177	34.111	65178	7.1367	395.92
65.95	74.113	34.151	64612	7.0707	397.03
24.382	65.815	34.309	62741	7.0408	395.54
54.226	34.094	34.122	64687	7.1045	397.28
88.171	84.17	34.352	65344	7.125	396.54
76.544	33.046	33.278	67857	7.2126	395.29
43.946	13.15	32.983	66462	7.1661	395.68
92.616	79.332	23.643	56852	6.8201	396.48
38.847	29.418	23.82	66824	7.2049	396.77
80.968	27.615	22.599	60618	6.97	395.82
65.519	53.95	14.291	63166	7.033	396.24
38.554	29.15	4.6006	56088	6.7431	396.67
30.655	29.307	232.6	68029	7.3621	394.58
60.55	26.152	181.14	52373	6.6854	393.48
50.688	60.375	176.21	65666	7.2459	393.69
14.27	32.408	172.16	53678	6.7758	394.87
5.2024	97.947	167.91	57542	6.8904	393.59
9.4103	37.989	162.51	54894	6.7872	395.17
76.369	41.192	151.75	53023	6.7139	394.09
14.378	56.799	145.52	60345	7.0334	393.58
61.76	90.567	137.49	60036	7.0566	393.59
81.94	59.762	135.78	58627	6.9474	394.31
45.567	52.54	132.97	51942	6.7176	393.86
24.173	3.3286	130	55493	6.7708	393.7
8.8472	28.741	121.81	65143	7.191	393.51
55.875	63.033	112.73	56865	6.843	395.1
75.873	42.551	111.82	66774	7.2816	393.54
29.5	38.754	102.09	63380	7.1323	394.27
3.2831	44.709	93.501	51067	6.6396	394.04
3.1868	34.412	93.025	52390	6.6727	393.28
76.834	62.935	92.055	53691	6.7294	393.49
34.105	13.331	91.123	56884	6.806	394.08
96.55	11.535	90.891	60978	7.0926	394.3
25.098	97.224	89.15	55615	6.8213	395.12
29.763	79.289	84.502	53496	6.7222	394.73
97.306	52.506	72.683	59571	7.0071	393.65
44.661	12.86	72.642	59005	6.9032	394.57
86.203	11.731	71.798	63712	7.1205	394.19
14.416	97.743	70.469	54003	6.762	393.37
30.323	89.746	65	53210	6.6735	393.61
81.985	38.388	62.878	60807	7.0381	393.23
70.469	17.697	62.416	61269	7.0397	394.2
54.794	44.297	54.993	62113	7.0228	394.47
77.302	94.357	53.024	56233	6.8286	394.31
39.483	39.166	44.957	60396	6.9574	394.14
93.465	88.928	43.989	59648	6.9601	394.44
59.3	27.794	44.101	60336	6.9777	394.69
3.3851	76.447	34.326	57328	6.8634	394.44
23.476	44.772	34.6	64007	7.1289	393.54
87.703	74.315	33.974	68752	7.2635	394.52
65.624	43.802	33.774	60645	6.9738	393.27
70.382	59.173	24.023	62158	7.0373	394.59
6.9781	19.642	23.438	64031	7.0878	394.39
18.481	19.656	23.142	65424	7.1758	393.79
97.791	74.168	14.524	55769	6.7502	395.2
86.851	11.684	14.077	61830	7.0097	394.31
40.84	50.314	194.44	62940	7.2372	392.11
19.612	37.596	162.01	52759	6.7456	391.43
45.517	42.077	152.13	55915	6.7986	391.64
35.398	55.7	145.53	53172	6.8119	392.29
29.425	28.117	121.45	62672	7.1178	392.43
18.956	18.41	120.84	63452	7.114	391.67
60.087	17.342	120.48	65760	7.2348	391.21
85.805	52.384	112.36	54689	6.8608	392.44
97.75	62.737	110.28	49432	6.562	391.54
3.5328	54.693	93.783	54787	6.7923	391.46
56.5	73.363	92.909	56869	6.8571	391.94
77.22	72.667	92.453	55291	6.8375	392.94
3.1752	3.8443	91.491	53658	6.7302	392.18
85.744	32.954	91.13	56207	6.8574	392.15
39.334	49.093	83.55	53912	6.7623	391.75
83.056	78.561	82.022	61221	6.9812	392.08
71.354	58.596	82.722	53606	6.7825	391.99
91.403	27.634	82.264	53430	6.8165	393.16
80.447	6.7459	81.068	51741	6.6882	391.24
24.123	74.45	74.939	59124	6.967	391.29
66.286	73.838	73.978	62496	7.0797	392.06
44.555	23.603	73.366	58353	6.9352	391.44
86.932	43.106	72.678	58626	6.9059	391.78
2.7455	4.1828	72.339	47775	6.5317	392.07
39.752	59.323	64.297	62412	7.0691	392.43
29.152	59.619	64.614	63765	7.1391	391.96
39.09	28.833	64.092	63683	7.0627	393.16
45.699	84.754	55.148	60020	6.9863	392.03
66.022	84.08	54.57	63835	7.0883	392.14
55.985	84.267	54.837	57915	6.8999	392.32
76.599	73.795	53.907	58672	6.9057	392.26
22.751	24.169	53.784	57069	6.8638	392.14
54.799	3.0838	53.278	49181	6.4203	391.71
44.529	3.0675	53.431	51459	6.5407	392.19
40.332	80.321	44.852	57648	6.8657	391.53
18.153	39.557	45.041	60216	6.9441	391.23
70.985	28.116	44.239	61315	6.9769	391.96
55.21	64.463	34.554	60003	6.9776	392.17
65.71	22.841	34.093	59711	6.9337	392.45
2.7199	3.5334	33.876	47840	6.4449	391.89
92.556	58.278	23.389	64736	7.1322	392.83
91.916	27.826	22.887	63410	7.0469	391.75
71.355	27.817	22.323	60437	7.0034	391.39
35.177	86.8	14.852	58525	6.8735	391.55
4.36	22.134	190.97	48918	6.6145	389.54
66.28	20.395	190.19	51975	6.7234	390.15
60.357	39.699	173.87	55227	6.8841	390.72
66.103	31.063	171.68	51927	6.7019	389.18
61.049	26.396	160.77	66077	7.2657	389.33
5.1021	97.575	147.52	53643	6.83	391.14
92.412	69.217	137.3	59581	7.0307	389.34
86.003	41.655	131.63	56444	6.9025	390.12
34.494	13.055	130.58	63000	7.1247	391.08
97.754	84.697	128.18	52508	6.6795	390.63
45.733	66.614	126.6	50556	6.7203	389.13
81.846	47.245	122.01	59235	6.9728	390.37
9.9987	92.835	118.09	57599	6.9324	390.1
34.546	33.67	111.65	61455	7.1019	389.78
97.858	74.592	109.12	49073	6.5325	389.75
60.071	37.711	102.04	59325	6.9724	390.42
40.291	82.267	98.149	56265	6.9429	389.99
54.826	12.706	91.024	57420	6.8805	390.23
45.754	87.081	89.049	61001	7.053	390.85
61.272	68.578	83.332	59179	6.9837	389.35
8.2637	49.973	83.846	55719	6.7923	390.06
45.234	74.125	74.553	55329	6.8069	390.56
34.71	74.312	74.867	57882	6.9037	390.12
44.807	43.687	73.72	57447	6.8801	389.53
55.208	33.311	73.097	59524	6.961	390.14
44.601	33.657	73.554	57480	6.9327	389.48
8.3962	60.126	64.483	54490	6.7659	389.89
71.691	68.815	63.696	63549	7.0881	389.13
7.3887	40.014	63.73	53905	6.7512	389.97
81.833	68.605	63.112	63580	7.1044	391.07
60.063	7.9099	62.526	60276	6.9704	389.27
55.103	53.836	54.897	61419	7.0246	390.91
76.265	53.361	53.965	61007	7.0024	390.89
2.9021	24.637	54.073	46458	6.3418	390.35
76.173	22.316	53.364	61686	7.0397	390.46
97.735	52.532	53.466	52085	6.6339	390.18
28.346	39.362	45.03	55070	6.7976	390.91
7.168	19.489	43.968	58431	6.919	389.89
49.074	18.164	43.747	61014	6.9817	390.45
28.347	8.8714	44.021	60008	6.9832	389.22
64.703	2.1818	35.383	37346	6.0484	390.99
54.48	2.2673	35.755	39247	6.1629	389.74
44.097	2.4371	35.611	44217	6.3719	390.99
24.58	75.835	34.247	61962	7.0389	390.46
65.743	64.015	34.543	66405	7.1329	391.09
55.269	74.423	34.295	60282	6.9707	389.4
97.674	53.169	33.357	55693	6.7866	390.66
76.034	22.792	32.854	68585	7.2372	389.94
86.016	12.126	32.497	60953	6.9596	389.59
82.44	79.935	24.236	61758	6.9984	390.16
29.175	49.811	24.563	64301	7.1224	390.83
8.6891	71.59	24.113	56630	6.8778	390.7
71.41	69.215	23.882	62147	7.0569	390.78
18.408	39.749	24.055	58185	6.9002	390.55
81.571	48.32	23.493	56628	6.8299	390.59
71.501	38.72	22.37	54761	6.7859	389.52
34.811	76.103	14.308	60892	7.0056	389.68
55.224	44.679	14.657	56964	6.9172	390.87
28.429	19.028	4.8286	58078	6.8499	390
17.952	9.2027	5.2152	62908	7.0422	390.1
60.186	49.246	4.6214	57475	6.8211	389.99
4.6701	14.149	221.59	57652	7.0601	387.93
72.03	4.4222	218.37	52569	6.8622	387.65
40.753	4.7885	218.89	46841	6.5434	388.96
71.662	15.242	199	51746	6.7103	388.74
97.497	20.183	190.27	51191	6.7623	388.88
91.453	15.556	180.28	58883	7.1068	387.9
56.14	65.162	166.4	65141	7.225	387.62
14.428	43.129	152.93	51925	6.7175	388.97
24.475	32.587	151.75	58281	7.0369	389.05
40.352	47.34	142.33	54810	6.8569	387.71
29.911	47.812	142.57	50983	6.627	388.6
40.715	81.334	137.24	54900	6.893	387.11
40.35	61.195	135.41	45555	6.4793	388.57
97.704	51.75	129.85	50854	6.6043	388.5
46.448	97.105	127.86	60770	7.0846	387.22
8.924	48.75	122.68	62434	7.1537	387.86
40.271	72.022	117.37	54975	6.8059	388.23
75.918	52.616	112.3	59487	7.0194	388.97
24.856	77.443	107.2	49843	6.6788	387.16
19.326	69.219	104.08	53596	6.7446	388.83
91.205	16.833	100.53	57814	6.9981	388.85
61.79	81.095	98.708	56067	6.9291	388
72.131	80.876	98.428	59914	7.0421	387.84
66.739	73.151	92.645	57773	6.9014	388.62
44.402	12.994	91.052	56148	6.8085	387.28
23.307	3.5798	91.169	53509	6.7773	387.29
45.864	97.172	89.263	58529	6.9629	387.49
40.112	69.108	84.222	57270	6.8658	387.62
71.495	68.428	83.01	55996	6.8688	388.74
92.181	58.087	82.412	57225	6.8862	387.84
49.901	38.712	83	56106	6.8254	387.89
19.586	92.966	79.827	52417	6.7688	388.46
44.529	54.002	74.302	56327	6.8469	388.61
55.175	63.791	74.074	54074	6.7614	387.18
66.543	63.477	73.357	56526	6.8642	388.13
54.936	53.822	73.753	57817	6.9234	387.41
56.497	96.937	70.569	58013	6.9789	387.89
40.125	79.541	64.82	58340	6.9377	388.66
18.847	59.669	64.572	63060	7.1057	387.96
39.342	39.165	64.16	61066	7.0299	387.46
49.334	7.867	62.801	58749	6.9394	387.95
82.296	98.597	61.228	38750	6.1363	387.86
34.301	64.686	55.135	55343	6.8208	388.03
87.144	63.176	53.997	65818	7.1474	389.06
23.133	44.484	54.747	52219	6.6985	387.07
54.553	13.009	53.558	58550	6.9305	387.95
75.733	12.151	53.532	55287	6.814	387.82
97.087	11.402	52.434	62518	7.1096	388.01
81.742	58.177	44.322	61344	7.0387	387.32
70.752	38.197	44.132	57034	6.8516	387.85
81.43	48.139	43.846	64648	7.1273	387.27
81.348	37.824	44.032	57968	6.9066	388.5
22.734	14.29	34.139	59810	7.0139	387.84
23.066	34.883	34.175	58252	6.9136	387.45
19.592	81.797	24.018	59771	6.9761	387.22
60.54	69.385	24.125	62495	7.0761	387.78
39.003	39.009	24.122	65351	7.13	388.14
18.296	29.805	23.714	63274	7.099	387.71
14.258	87.023	15.158	59955	6.965	387.69
45.158	86.165	14.779	56278	6.8299	387.95
44.986	75.956	14.376	62140	7.0242	388.7
65.15	43.963	14.28	64062	7.1229	387.76
12.58	13.936	14.895	59398	6.9253	388.85
29.538	81.078	4.4683	55270	6.7217	387.64
28.66	29.331	4.2019	53266	6.654	387.06
94.125	89.489	215.16	62383	7.2092	385.51
35.297	10.571	209.57	51230	6.7706	386.23
30.379	15.934	199.43	53323	6.7673	385.72
71.927	59.5	195.15	62435	7.2253	385.6
83.007	89.817	177.43	64624	7.1914	386.86
24.262	21.708	170.37	59422	7.0468	386.5
97.709	84.376	147.37	52143	6.7043	385.69
50.413	47.497	142.36	47051	6.5199	385.84
3.9872	67.59	126.53	57947	7.0124	385.8
19.607	72.551	116.65	54379	6.9081	385.27
44.38	12.825	110.06	51918	6.7265	385.2
65.553	2.827	109.65	46418	6.4758	385.19
39.957	58.548	102.95	61474	7.066	386.71
80.653	47.454	102.03	56966	6.976	385.44
80.939	6.893	100.11	56003	6.8787	385.99
34.397	33.788	92.14	58864	6.9762	386.88
12.976	3.7386	91.326	57904	6.9677	386.16
75.609	2.7139	90.299	42978	6.3364	386.59
80.955	17.29	81.701	59190	6.9918	385.11
60.171	7.5871	81.628	57969	6.9513	385.25
13.796	74.761	75.127	54341	6.7665	385.85
17.872	29.403	63.601	57375	6.9297	386.2
93.427	98.04	62.225	48621	6.4785	386.25
70.142	7.6411	62.512	55835	6.835	386.7
14.011	85.291	55.401	56869	6.8653	386.45
55.335	74.333	55.152	55877	6.8491	385.36
87.3	73.6	54.279	58025	6.9389	385.35
12.565	44.786	54.379	56294	6.8971	385.07
86.852	43.061	53.631	58753	6.9476	385.23
44.131	13.599	54.133	56314	6.8795	386.5
30.117	70.127	44.467	63839	7.1079	385.81
40.059	70.007	44.682	56501	6.8569	385.7
71.741	90.256	43.383	57142	6.9218	385.3
49.354	28.619	44.542	58615	6.9885	385.51
87.448	63.298	34.173	67130	7.2353	385.4
87.323	53.194	33.538	62051	7.0514	385.66
44.986	43.899	33.982	63556	7.0655	385.83
19.231	60.198	25.194	60422	6.9989	386.28
49.697	39.12	23.406	57023	6.8544	385.86
92.069	48.198	22.915	57184	6.8353	385.93
81.063	17.267	22.395	63196	7.0672	385.04
77.171	85.178	15.471	57187	6.8798	385.14
97.408	42.714	13.8	58263	6.9181	386.11
97.491	53.447	13.69	55905	6.8286	386.97
86.36	32.826	13.448	62342	7.0824	386.98
68.658	85.279	224.26	60000	7.1424	385
76.823	9.747	208.94	51836	6.7691	383.08
14.733	22.068	191.04	50489	6.6738	383.41
76.565	20.351	189.88	49818	6.6293	384.79
30.324	61.253	156.02	61226	7.0893	383.05
29.956	51.052	155.1	53838	6.794	383.98
81.886	49.316	155.35	55052	6.9141	384.42
65.924	31.603	150.82	64221	7.2983	383.11
97.6	63.735	147.17	53783	6.7937	383.02
46.748	96.572	147.48	59955	7.0992	383.52
86.401	11.574	129.59	60309	7.074	384.55
40.704	81.654	117.83	56054	6.9193	383.39
44.775	42.973	111.9	60470	7.0596	383.72
23.6	3.5196	110.46	55673	6.9199	384.6
13.568	3.5658	110.48	54372	6.8965	383.82
85.743	2.7161	109.81	41462	6.2819	384.38
67.137	85.642	108.51	57068	6.9393	384.7
39.502	48.458	102.57	50597	6.7078	384.45
70.758	48.327	101.56	57008	7.0043	383.3
19.195	39.03	102.19	57287	6.9152	383.07
70.727	7.2332	100.09	56404	6.9394	384.51
82.893	90.248	98.914	57673	6.964	384.86
93.488	79.639	99.353	50583	6.7273	383.06
9.2463	83.125	98.214	55139	6.9005	384.18
30.068	82.471	98.029	49746	6.703	383.38
3.5636	64.721	94.25	50905	6.7142	384.73
96.708	32.729	91.461	55773	6.9462	383.29
44.361	23.257	91.325	51519	6.6869	384.51
86.218	21.916	91.032	54803	6.8357	384.95
3.8027	88.261	88.415	55762	6.915	384.63
8.7073	69.858	84.625	57371	6.9234	384.08
29.366	69.427	84.258	57591	6.9791	383.03
18.634	39.479	83.318	54122	6.8291	383.72
7.9451	29.675	83.412	59702	7.0395	383.72
70.935	47.897	82.576	55272	6.8393	382.98
28.393	18.781	82.259	52947	6.7692	383.55
40.13	92.583	79.911	56274	6.9474	383.96
65.393	22.602	72.554	62181	7.1013	384.96
2.8322	13.914	72.702	48778	6.5502	383.18
98.157	83.522	71.855	49408	6.5153	384.94
97.952	73.582	71.878	47957	6.4159	384.65
9.3505	80.288	64.834	48909	6.5594	383.23
50.49	79.236	64.827	57216	6.9064	384.81
60.644	69.004	64.405	53225	6.7316	384.09
18.146	49.578	64.108	53707	6.7718	384.44
80.513	7.2611	62.563	53475	6.7899	384.28
3.5145	86.171	55.062	51126	6.6547	384.28
65.818	74.005	54.778	55361	6.7875	384.75
45.158	64.557	55.143	56890	6.9093	383.44
76.346	32.996	53.637	57299	6.8867	383.54
33.628	3.5551	53.899	53706	6.7933	383.85
22.769	3.8761	53.462	57601	6.9492	384.21
45.285	75.167	34.139	61397	7.0302	383.14
33.752	24.42	34.371	62250	7.1129	383.36
12.558	24.684	33.302	60810	7.0598	383.28
60.461	59.512	24.058	60919	7.022	384.47
24.694	76.728	14.158	57230	6.9274	384.84
77.054	74.661	14.846	68344	7.3469	383.14
55.261	54.564	14.328	62823	7.1259	383.78
75.183	12.246	13.978	56728	6.8938	384.9
29.368	71.039	4.8855	60709	6.9648	382.98
59.655	18.092	4.4803	56334	6.8012	384.88
92.382	4.332	218.67	50132	6.7842	382.29
15.104	25.032	202.47	61046	7.0848	382.06
61.3	28.868	192.62	52658	6.831	381.28
66.535	54.259	185.74	61117	7.0718	380.99
55.446	34.584	183.53	57668	7.0722	381.35
29.739	26.765	181.29	53565	6.8596	381.04
9.3408	41.233	174.73	54198	6.8654	382.71
55.512	31.394	171.52	48634	6.6547	382.32
89.057	94.298	167.89	55747	6.9061	382.02
50.464	36.846	161.83	47963	6.5549	382.64
98.132	94.516	147.73	48742	6.5726	381.26
71.485	46.813	142.47	51220	6.7621	382.59
39.707	17.461	140.54	57754	7.0401	382.28
82.178	69.767	137.06	54552	6.8297	381.41
19.519	62.048	135.67	53770	6.8103	382.94
3.6911	3.5483	130.52	53148	6.8346	381.92
65.517	2.7971	129.19	43529	6.3874	381.78
8.9682	58.998	123.7	55788	6.8276	382.26
71.47	57.244	123.05	49684	6.6411	382.85
81.036	6.7041	119.55	55945	6.8609	382.5
30.533	92.019	118.03	58034	6.972	381.21
93.134	89.68	118.13	55295	6.9137	382.86
61.554	70.92	117.24	51099	6.7365	382.03
85.899	11.973	110.25	60711	7.0489	381.22
54.92	2.8805	109.72	48137	6.4866	382.93
14.383	77.797	107.04	50617	6.7183	381.15
39.998	68.471	103.27	53192	6.7337	382.52
9.3643	59.572	103.03	54880	6.8582	381.95
60.595	57.762	102.41	52400	6.7651	381
93.215	68.28	100.99	51640	6.7042	380.98
28.897	18.547	100.81	52712	6.7318	382.44
81.596	27.347	100.65	55338	6.8967	382.61
49.658	7.8369	99.941	51674	6.7015	381.37
56.756	63.397	92.359	51709	6.7421	382.48
44.871	53.488	92.724	52715	6.7814	382.65
3.1166	24.286	92.396	50086	6.6208	382.05
13.028	13.92	91.813	61401	7.0744	381.66
96.418	21.455	91.132	54244	6.9174	381.88
39.23	38.92	82.888	55108	6.8357	382.24
28.664	29.028	82.72	57382	6.9054	381.41
12.797	24.164	73.409	61844	7.1038	381.61
28.657	29.298	63.738	55678	6.9032	381.61
17.718	19.242	63.136	59200	6.9954	381.79
14.166	75.497	55.466	48905	6.6238	382.59
44.45	33.697	54.786	57581	6.9458	381.85
29.567	80.58	44.798	58077	6.95	382.67
82.017	68.803	44.499	62356	7.0751	381.89
49.742	49.16	44.824	59279	6.9825	382.9
39.084	28.982	44.885	57382	6.9005	381.79
23.062	24.361	33.972	65132	7.1789	382.56
54.351	22.89	33.232	61738	7.0573	380.96
34.458	13.014	33.34	62579	7.1219	382.09
86.646	32.988	32.884	63161	7.1265	381.34
60.003	38.755	23.727	63142	7.1234	381.25
12.945	45.133	15.304	61529	7.0529	382.73
13.586	77.11	14.663	60592	7.0534	381.18
55.367	75.543	14.257	59338	7.0133	381.49
77.125	64.703	14.119	57492	6.9587	381.49
18.648	60.296	4.7025	56724	6.8711	381.11
92.453	58.141	4.2368	54613	6.7232	381.08
61.03	18.437	211.57	62198	7.1575	380.55
50.975	15.539	199.36	47743	6.5725	379.26
24.871	21.608	190.74	53469	6.8565	379.61
87.577	19.826	189.32	50480	6.7728	379.39
50.368	26.143	181.11	49282	6.6616	378.91
81.665	25.112	180.43	52199	6.7784	378.93
34.92	45.589	164.64	53042	6.872	379.83
94.276	98.331	157.76	48111	6.6216	379.25
78.046	95.113	147.58	58206	7.0133	379.09
4.1291	57.002	145.49	56089	6.968	379.21
50.192	6.9943	139.37	54181	6.8713	379.22
61.127	60.502	135.88	57271	6.9618	380.85
25.744	97.397	127.89	57076	6.9417	380.43
14.455	67.429	126.25	55163	6.9243	380.7
70.53	47.542	122.03	53335	6.8625	379.82
39.713	7.9479	120.08	63162	7.1404	380.8
30.298	72.358	117.6	48688	6.6988	379.38
51.4	71.515	117.48	49195	6.7231	378.93
24.728	53.783	112.75	60769	7.0865	380.27
44.711	22.955	110.8	55764	6.8875	380.69
97.56	52.686	110.24	51406	6.7801	379.63
86.275	21.866	110.38	54218	6.7956	379.84
25.436	97.452	108.54	53633	6.8495	378.87
35.599	97.21	108.38	56478	6.9494	379.94
87.62	74.976	108.3	54931	6.8786	380.68
76.947	75.505	108.49	57033	7.0089	380.13
66.668	75.846	108.44	51100	6.7525	380.25
8.4035	39.245	102.69	55359	6.909	380.14
72.105	68.14	101.72	51386	6.653	379.06
60.398	7.4692	100.14	59258	7.0763	379.15
30.507	92.234	98.593	57049	6.9863	378.88
51.152	81.275	98.421	49308	6.7283	379.81
54.949	22.848	91.529	59309	6.9725	379.75
23.553	13.638	91.568	54215	6.8321	379.04
61.3	91.412	79.924	48919	6.649	379.69
87.68	73.398	72.504	55863	6.9326	378.96
65.276	33.15	72.672	55154	6.8705	380.6
54.724	12.651	72.311	55832	6.9009	379.22
35.345	97.404	70.031	55963	6.8957	380.01
60.085	18.023	62.804	64230	7.1476	380.76
27.954	9.0542	62.564	54958	6.8292	379.1
44.446	23.746	54.723	57062	6.9577	379.98
76.607	63.666	53.98	56817	6.8922	378.96
65.347	22.613	53.021	59512	6.9668	380.27
65.16	12.493	53.02	52265	6.6829	380.05
50.184	69.398	44.809	56881	6.9228	379.32
17.396	19.308	44.135	57936	6.967	379.36
80.754	17.011	43.169	58166	6.9471	380.15
49.483	28.949	23.714	63985	7.1629	378.91
7.4685	9.0282	23.766	58877	6.9848	379.27
55.156	85.726	15.197	58397	6.9768	379.89
87.161	74.44	14.892	58817	6.9879	379.94
65.547	64.5	14.392	55153	6.8487	380.72
43.851	44.697	14.918	56781	6.9206	379.32
65.127	12.304	13.917	61981	7.0769	379.6
10.065	16.263	199.51	55072	6.9217	378.83
70.942	49.656	175.95	56056	7.009	376.91
14.454	46.529	165.18	50235	6.7422	377.91
19.73	51.353	155.05	53183	6.8	377.95
57.054	96.253	147.57	58074	7.0665	377.52
19.319	37.898	141.56	60419	7.0759	378.35
39.707	7.3286	139.84	64854	7.2315	377.39
40.817	91.552	137.39	54411	6.9156	376.94
3.6244	43.743	132.6	49642	6.7225	377.71
44.79	3.0244	129.55	48282	6.5364	376.9
24.673	67.547	126.44	50697	6.7404	377.27
56.422	66.443	126.99	49699	6.712	377.85
66.594	65.91	126.97	55431	6.9379	378.61
39.46	38.023	121.83	52129	6.7635	378.23
28.824	8.2452	120.64	54063	6.8704	376.82
8.503	8.6963	120.8	57336	7.0127	377.47
24.141	23.631	111.28	56827	6.9472	378.47
75.586	2.7145	109.71	43850	6.4331	377.91
77.633	95.668	108.64	56003	6.941	377.77
60.144	27.619	101.3	61453	7.0842	378.16
91.076	6.7848	100.24	53303	6.8243	378.55
82.371	80.611	99.013	49385	6.7189	377.36
34.741	63.902	93.607	56170	6.9138	378.29
66.689	63.467	92.217	54248	6.8365	376.87
34.441	43.842	92.715	54759	6.8599	377.13
18.259	29.254	83.075	53110	6.8012	377.76
70.545	27.703	82.411	54203	6.8538	377.94
28.079	8.8098	81.769	48870	6.5995	377.7
51.094	91.887	79.964	54383	6.8804	377.28
34.65	64.202	74.54	58849	7.0022	377.64
33.885	44.248	73.919	54607	6.8029	377.97
23.223	24.064	73.235	56943	6.9275	377.44
65.187	12.687	72.009	56012	6.8859	377.03
19.007	69.851	64.942	54201	6.7796	377.69
49.574	18.263	63.426	57521	6.9315	378.01
80.97	17.295	62.787	56770	6.9214	377.71
91.478	6.7542	61.562	51823	6.7741	378.56
12.52	24.535	53.979	53567	6.8103	378.58
54.368	23.273	54.082	55313	6.8726	378.07
28.891	60.333	45.086	56793	6.8836	377.2
60.262	48.81	44.808	54214	6.797	378
17.396	29.495	44.15	56256	6.9176	378.7
44.232	33.908	34.356	59596	7.0077	377.55
44.245	24.068	33.88	61336	7.0568	377.42
12.43	14.133	32.947	65367	7.247	377.43
28.682	39.877	24.137	58804	6.9939	377.22
24.505	86.714	14.757	55754	6.8652	377.75
76.891	53.431	14.083	55772	6.874	378.63
55.505	64.742	14.11	56817	6.9016	377.12
86.434	22.452	13.256	59401	6.9971	376.83
65.186	23.114	13.465	60244	7.0329	377.83
10.141	41.18	194.29	54257	7.0159	375.03
30.103	29.958	192.85	54215	6.9228	375.36
45.5	21.032	190.91	45084	6.4468	375.42
35.07	11.017	189.51	57776	7.0285	375.73
65.367	34.383	183.77	47922	6.7224	375.97
93.987	89.336	177.59	54880	6.9043	375.91
60.677	50.044	175.43	55398	6.9186	374.78
77.904	94.762	167.01	57358	7.0102	376.7
60.648	50.381	155.03	51825	6.8376	375.18
71.78	49.954	155.54	51590	6.7845	376.62
65.679	11.435	149.89	52606	6.8757	374.78
86.953	10.761	149.74	58776	7.0612	375.12
70.867	36.771	141.13	60620	7.0967	376.29
71.058	16.48	140.1	59714	7.055	375.6
4.603	97.878	127.86	50674	6.6898	375.67
92.574	69.679	118.14	55347	6.9641	376.04
65.79	52.937	112.14	56252	6.9308	375.85
34.408	23.955	111.2	49162	6.6371	375.48
55.045	12.452	109.87	59827	7.0602	375.97
87.744	85.018	108.58	54368	6.884	375.54
88.155	95.185	108.53	55101	6.8984	374.88
39.452	8.6646	100.2	50172	6.6993	375.95
20.303	92.603	98.579	54638	6.928	375.86
34.667	53.733	93.202	51436	6.7538	375.3
24.319	54.101	93.322	55697	6.9225	375.37
76.473	52.847	92.097	54233	6.8354	375.53
55.255	33.298	91.887	51613	6.7815	375.42
24.693	87.698	89.04	49575	6.6925	374.95
56.358	86.341	89.037	53342	6.8682	374.94
19.073	69.595	84.409	58775	6.9976	374.89
39.563	58.97	83.807	56278	6.8782	375.16
18.677	49.592	83.616	51365	6.7408	375.95
61.044	58.533	82.861	56413	6.9113	375.02
28.908	39.184	83.187	55991	6.8872	375.04
44.921	64.168	74.381	55639	6.8612	374.88
23.812	54.289	74.354	55145	6.857	376.62
22.958	13.743	72.755	59405	6.9978	374.93
96.642	2.6463	71.36	46592	6.6121	375.91
86.182	2.5681	71.332	40871	6.2543	375.97
75.368	2.6022	71.332	41871	6.3104	376.2
50.209	69.298	64.529	51372	6.728	374.95
39.497	49.184	64.329	52784	6.7833	374.78
39.422	18.662	63.912	55876	6.8848	375.78
7.3914	9.2386	62.922	54086	6.8346	375.92
34.251	34.168	54.836	55337	6.8652	375.89
87.703	83.923	53.754	54303	6.8003	375.92
12.614	34.512	54.204	56053	6.9042	376.44
22.691	13.937	53.58	55168	6.8542	375.55
82.068	89.02	43.906	57887	6.9348	376.8
8.6535	81.569	24.358	55893	6.8883	376.04
12.648	34.921	14.339	62628	7.1975	375.6
2.7099	25.163	14.109	46585	6.5066	376.45
43.702	24.133	14.227	60316	7.0764	375.92
86.751	42.988	13.559	63110	7.1126	376.56
75.918	22.568	13.266	57255	6.8896	376.73
25.282	10.836	209.91	49861	6.7433	373.96
20.198	16.289	199.62	54585	6.9087	372.75
82.365	15.44	198.58	42054	6.4617	374.38
97.543	74.067	166.84	51405	6.777	373.07
40.711	50.679	155.15	51095	6.8251	373.08
46.032	75.949	147.05	60076	7.0793	372.9
87.655	51.785	131.3	51279	6.7585	372.98
34.542	32.925	131.54	52028	6.768	374.23
86.35	31.842	131.03	54740	6.9275	372.83
3.3802	13.843	131.13	53109	6.8455	374.34
65.703	12.091	129.98	56791	6.9273	372.76
57.14	96.783	128.01	57741	7.0562	373.67
88.297	95.311	127.82	59492	7.0989	373.76
56.613	76.118	127.71	52572	6.823	373.1
34.478	43.463	112.43	49714	6.6861	372.93
96.885	11.278	109.78	55430	6.967	373.61
80.12	37.396	101.65	52009	6.8151	372.8
8.0097	19.139	101.8	59604	7.0387	373.08
81.254	17.121	99.99	54694	6.866	374.04
50.871	91.502	98.682	53436	6.8298	373.66
44.87	43.494	92.38	51018	6.694	373
44.78	33.472	91.811	51988	6.7619	372.76
65.498	32.332	91.829	51446	6.7992	373.24
14.582	88.083	89.137	53869	6.8406	373.79
8.606	59.829	84.231	51714	6.7474	374.35
91.904	47.769	82.243	56174	6.9074	373.54
91.376	37.689	82.232	49364	6.684	374.16
50.008	28.513	82.624	54719	6.831	374.23
81.225	27.205	82.049	53630	6.7981	374.68
49.642	7.8565	81.683	50713	6.6778	373.38
91.261	6.7979	81.242	51594	6.7827	373.72
29.995	92.454	79.534	55850	6.9638	372.9
13.45	44.699	73.976	56023	6.8717	373.9
29.307	69.777	64.824	53043	6.8184	373.23
60.634	58.917	64.383	51526	6.7024	372.86
49.51	49.273	64.297	54616	6.8557	374.47
92.555	47.831	62.888	54288	6.8634	372.94
39.38	8.0849	63.153	51538	6.69	373.98
70.355	37.977	62.486	52470	6.7868	373.52
34.54	44.229	54.678	51685	6.7496	374.26
86.795	53.107	53.838	54400	6.8389	373.7
86.676	32.594	53.715	53500	6.8282	374.53
34.068	24.092	54.596	55791	6.8788	372.79
12.525	34.498	33.681	55544	6.9043	372.76
28.643	29.9	24.111	60121	7.0676	372.87
97.1	10.922	13.633	58180	6.9679	373.86
49.032	28.675	5.0801	53118	6.725	373.87
7.9559	82.075	5.1081	54188	6.753	373.75
35.949	13.592	221.05	54669	6.8999	371.9
83.777	90.232	215.32	54995	7.023	371.52
30.346	51.536	194.86	48543	6.7809	371.16
35.182	21.236	190.87	55526	6.9496	371.28
67.528	95.179	186.59	54108	6.9718	371.14
4.6686	56.471	185.94	57126	7.1003	372.32
92.512	69.041	176.35	53199	6.9448	372.5
76.364	10.695	169.58	58173	7.1054	370.76
46.312	76.176	166.69	57512	7.0247	371.61
9.4887	51.624	155.36	49855	6.8002	370.83
4.2371	33.16	151.84	56030	7.0576	371.34
3.8503	12.902	150.76	54679	6.9884	370.97
88.345	95.227	147.86	51071	6.7741	371.15
36.328	97.017	147.44	53292	6.8921	371.63
24.912	56.547	145.57	51846	6.8051	371.86
45.53	55.544	145.45	50742	6.8255	371.89
39.933	27.611	141	56147	7.0002	372.21
93.193	89.881	137.44	53347	6.8807	371.28
44.746	22.681	130.5	57386	7.0348	372.62
34.472	3.1961	129.95	46598	6.5376	371.46
35.828	87.101	127.86	52402	6.8643	371.53
25.442	87.274	127.66	53557	6.8598	372.7
35.648	76.926	127.61	51777	6.7391	370.95
60.142	37.485	121.58	56236	6.9613	371.96
90.743	27.129	120.78	50266	6.7371	372.09
80.968	17.104	120.31	54520	6.8447	372.49
71.677	70.572	117.71	50093	6.817	371.23
67.6	96.191	108.49	54160	6.9151	370.72
4.195	88.057	108.45	54058	6.933	371.45
34.894	77.34	107.79	50257	6.7554	371.37
49.902	27.812	101.17	54750	6.8612	370.81
71.089	17.004	100.03	56623	6.9119	372.21
34.444	23.45	91.457	53855	6.8549	372.55
76.052	22.391	91.373	53890	6.8462	370.76
29.104	49.373	83.615	53000	6.7681	371.55
82.034	68.672	82.611	54954	6.8926	371.59
7.4768	9.2817	81.996	52819	6.8086	371.4
18.146	9.0039	82.031	57161	6.9709	372.16
54.982	43.381	73.443	55209	6.8794	371.4
55.005	23.188	72.888	57149	6.9297	371.2
86.854	32.717	72.484	55062	6.9649	371.94
86.244	22.359	72.306	57131	6.9901	372.08
12.731	3.7826	72.355	56613	6.9822	371.47
75.6	12.356	71.792	53238	6.8386	371.37
92.864	58.035	62.885	57921	6.9788	372.07
70.472	27.78	62.309	54711	6.8741	371.05
60.237	28.059	63.052	56387	6.9239	371.95
55.306	64.221	55.088	53578	6.7839	372.71
35.241	84.525	55.253	55255	6.9261	371.72
12.944	55.105	55.036	53654	6.7923	370.81
44.432	44.278	54.721	52956	6.8125	371.15
98.233	93.183	54.078	41686	6.2063	372.49
12.39	14.219	53.839	55046	6.8927	370.8
92.278	47.875	43.536	54038	6.8597	371.34
33.792	34.338	34.448	57099	6.9763	371.04
28.582	8.5681	23.72	55128	6.8768	371.18
24.596	65.597	14.61	54078	6.901	372.65
23.681	34.456	14.336	52903	6.8413	370.72
43.75	34.079	14.403	59810	7.0957	372.43
86.114	2.5375	14.253	43470	6.4013	372.02
4.6622	2.2821	228.94	34328	6.192	369.5
47.199	75.215	224.37	65138	7.415	370.38
25.667	44.95	223.39	64302	7.3899	369.25
5.4533	25.114	222.98	62478	7.3908	370.34
82.111	4.8517	218.85	45463	6.552	368.79
55.993	33.944	203.3	63669	7.318	369.61
61.931	70.08	195.3	54758	7.0395	369.96
51.213	59.977	194.78	60801	7.1858	369.02
16.042	97.588	186.54	50679	6.7625	370.12
57.388	95.797	186.47	56132	7.0753	369.14
5.3923	77.014	186.3	55631	7.0266	370.13
49.828	6.1952	179.55	56132	7.0527	368.9
67.637	95.452	166.71	51715	6.864	370.01
19.299	6.9447	159.83	55169	6.9878	368.83
20.694	92.054	157.15	59477	7.0801	369.39
30.47	81.761	137.09	51815	6.8231	370.49
71.711	70.169	137	61063	7.1271	369.89
24.29	33.267	131.57	53531	6.9003	369.7
14.863	77.682	127.35	55801	7.0065	369.71
39.753	48.022	122.4	53474	6.8408	369.35
29.775	48.273	122.67	55309	6.9701	368.94
49.905	7.4799	119.87	51298	6.7997	369.61
45.845	96.9	108.3	52667	6.844	369.14
35.548	87.126	108.16	52651	6.8315	368.78
60.66	48.452	102.06	57911	7.0501	369.29
49.834	38.205	101.46	57386	7.0108	370.48
18.606	18.989	101.75	55574	6.9601	370.63
29.046	8.3746	100.68	56459	6.9621	369.34
61.931	91.004	98.973	51100	6.7268	370.15
14.073	54.379	93.26	56816	6.976	369.47
3.1979	14.025	92.091	51656	6.7102	369.05
65.473	2.7801	90.702	41757	6.2906	369.9
66.566	86.231	89.314	47659	6.6428	368.72
34.334	54.084	74.207	53429	6.8586	368.95
33.756	33.897	73.616	52282	6.771	369.17
12.583	13.937	72.782	52735	6.8266	369.6
33.28	13.584	72.441	52067	6.7741	368.94
27.97	19.239	63.185	54779	6.88	369.63
28.967	49.296	63.673	57454	6.9617	370.05
81.644	27.429	62.414	53145	6.8653	368.88
91.861	16.25	61.706	50743	6.7536	370.21
23.942	64.794	55.27	52545	6.8164	369.59
97.417	32.339	53.206	51661	6.7828	369.43
27.88	19.268	44.41	54631	6.8883	368.63
92.066	17.336	42.779	54414	6.8844	369.56
87.545	63.62	13.896	57215	6.9924	369.02
76.286	33.073	13.534	55906	6.9309	368.7
54.582	23.512	13.994	59253	7.078	368.68
60.722	80.513	5.0151	52655	6.7676	370.25
59.702	38.911	4.726	51646	6.7181	369.2
6.2565	56.935	223.55	48529	6.8696	368.09
66.929	13.108	221.1	52866	6.9029	367.02
87.456	12.775	220.95	51657	6.8573	367.79
55.979	10.194	209.57	46489	6.586	367.82
25.384	24.594	201.83	55580	6.9837	367.42
66.651	23.694	202.11	48002	6.758	366.74
77.618	84.356	186.6	53658	6.9994	368.24
77.66	74.492	186.37	55254	6.9829	367.47
24.549	35.094	183.68	52441	6.8709	366.67
60.119	5.8785	179.72	52074	6.848	366.76
15.772	97.54	167.23	55826	6.9839	368.33
45.47	55.178	165.68	54709	7.0208	367.04
65.75	45.172	164.82	55002	6.9555	367.03
50.622	16.546	160.05	58231	7.1087	368
31.079	91.669	156.84	60209	7.1513	366.99
55.828	41.847	152.21	48620	6.6664	366.74
56.12	65.546	146.78	55172	6.9627	367.34
19.508	27.884	141.33	55623	6.9607	367.31
60.231	37.227	140.76	55683	7.0035	367.06
61.469	70.518	136.94	57637	7.0527	367.69
24.532	53.194	133.14	46611	6.6192	367.21
24.335	43.4	132.16	51877	6.8381	366.94
96.369	21.402	130.06	55604	7.0428	367.03
13.897	3.3611	130.19	48602	6.6638	367.86
55.203	2.8676	129.46	44446	6.4306	367.02
45.901	76.535	127.55	54216	6.8751	367.06
77.418	75.411	127.62	49683	6.774	367.08
8.7154	38.923	122.28	58401	7.0863	367.62
49.785	47.533	122.01	49263	6.7023	368.2
49.764	37.709	121.6	52961	6.8522	366.78
54.774	43.036	112.1	52149	6.8344	367
95.944	32.994	112.02	45968	6.5119	368.43
3.3313	34.239	112.19	49975	6.7028	367.42
75.671	20.867	110.34	52315	6.863	366.94
56.627	96.59	108.4	57279	7.0793	368.19
56.155	86.173	108.27	62048	7.2121	367.35
45.488	86.773	108.15	51290	6.777	367.02
14.672	87.647	108.26	58394	7.0671	368.33
49.761	17.811	100.59	49212	6.702	367.21
24.171	44.1	93.059	51953	6.7785	368.11
14.181	44.233	93.138	51895	6.7704	368.23
13.532	24.17	92.523	55977	6.951	367.51
23.938	33.891	92.38	53301	6.7936	366.65
60.564	48.583	82.386	53421	6.869	366.72
60.371	38.388	82.633	50201	6.7362	366.9
23.903	64.438	74.518	52577	6.8077	367.76
28.767	39.282	63.941	54664	6.8529	367.8
60.465	38.501	63.338	49659	6.6835	367.19
49.711	28.775	63.859	53458	6.8392	367.78
92.195	37.788	62.851	56244	6.9586	368.19
17.701	9.179	62.632	51580	6.8049	367.06
34.552	54.323	54.74	52720	6.8272	368.44
39.542	49.259	44.76	57008	6.9491	366.79
23.531	13.924	14.545	53434	6.872	366.92
16.192	97.421	205.23	54347	7.0105	365.59
67.713	65.335	204.73	49964	6.8379	364.92
20.209	51.107	195.01	59420	7.2667	365.13
4.2991	11.855	189.79	53592	6.9661	366.16
14.575	35.654	184.15	51798	6.8891	366.15
50.385	40.06	173.97	53032	6.8819	365.88
70.565	39.433	173.74	50713	6.8605	364.8
76.923	64.286	166.59	53210	6.9035	365.43
45.448	45.208	164.58	47863	6.7465	365.37
19.161	17.206	160.49	56816	7.0318	365.79
29.172	16.995	160.13	55388	6.9269	364.53
61.985	80.472	157.05	57899	7.0559	365.41
15.423	97.471	147.22	52569	6.8841	365.12
55.614	55.48	145.53	47436	6.7225	365.05
86.856	55.001	146.32	51486	6.8125	365.59
9.2507	62.112	135.77	49138	6.7261	366.34
3.6588	33.734	132.04	54336	6.9199	365.58
55.243	22.302	130.32	56504	7.0169	365.52
76.218	2.6291	129.46	38533	6.229	364.57
46.008	86.806	127.79	57312	7.0156	365.8
19.432	38.589	122.1	51299	6.8269	365.72
80.977	37.127	121.9	55046	6.9302	364.73
29.461	38.263	122.15	51720	6.8104	366.52
14.117	33.959	111.75	52378	6.8135	365.68
65.563	22.48	110.82	52384	6.8893	364.59
66.471	12.678	109.73	46161	6.6356	366.56
81.7	57.489	101.54	51037	6.7884	364.81
23.684	23.65	92.019	52149	6.7656	364.61
34.906	87.391	88.717	50294	6.7018	364.87
70.303	37.844	82.935	54986	6.9281	365.36
81.361	38.697	82.137	46920	6.5662	365.4
13.251	54.623	74.518	46374	6.5612	365.96
44.308	3.0468	72.244	46062	6.3839	364.98
24.771	85.04	55.207	53122	6.8198	365.03
35.228	74.608	55.022	49060	6.6508	365.58
86.534	21.812	53.225	51699	6.7742	366.11
23.824	55.268	14.528	50650	6.7363	365.98
86.602	52.93	13.343	55548	6.9131	366.43
87.316	2.9426	240.34	43294	6.4611	363.3
81.811	7.9148	230.66	55180	7.0021	363.46
15.503	2.1891	228.98	32437	6.0855	362.98
46.235	13.453	220.85	50377	6.8202	363.36
20.454	19.784	212.21	49699	6.7862	364.17
50.757	18.807	211.7	48149	6.7064	363.69
70.825	25.113	180.56	46713	6.6387	363.99
29.767	40.444	173.91	49899	6.7825	362.88
4.6751	66.42	166.02	51487	6.9237	364.31
97.541	63.61	166.54	49237	6.7257	363.71
4.3129	46.538	165.28	53203	7.0215	363.02
81.415	5.6924	159.13	47952	6.7569	363.26
71.698	59.708	156.65	53606	6.9528	363.36
86.891	40.587	151.51	50494	6.8091	363.34
97.716	41.122	150.73	46357	6.6186	363.4
4.777	87.649	147.5	60584	7.2203	363.01
35.724	86.617	147.35	54598	6.9295	362.65
97.557	74.171	147.41	47228	6.677	363.48
87.538	74.484	147.37	53590	6.9509	363.91
76.856	64.911	146.93	57103	7.0794	363.96
76.802	54.876	145.88	54637	6.9329	362.72
66.397	55.068	145.67	54853	6.9426	363.56
81.135	6.0694	139.25	52650	6.8527	362.57
20.181	92.228	137.29	50807	6.8143	362.58
55.064	32.546	131.04	54266	6.9278	363.95
96.817	11.287	129.34	52225	6.8944	364.23
70.512	37.525	121.7	52380	6.8976	364.32
60.284	27.396	120.93	51386	6.8167	363.79
20.085	82.451	117.88	54534	6.9073	364.24
92.764	79.508	117.87	52286	6.8733	364.24
14.182	23.685	110.9	50121	6.7903	364.11
70.396	36.663	101.84	49201	6.7464	363.89
19.249	29.052	101.73	54905	6.9351	362.54
18.613	8.7976	100.85	52857	6.8501	364.37
65.446	12.341	90.852	53529	6.8499	364.34
50.18	68.732	84.077	47026	6.5313	363.16
18.865	59.578	83.92	50037	6.7041	362.77
59.922	17.836	81.986	56377	6.9362	362.96
97.39	42.515	72.713	51443	6.8176	364
92.917	68.411	62.719	52084	6.7861	362.88
86.76	2.6683	52.134	41502	6.3015	364.29
24.268	45.153	14.753	54414	6.88	363.82
12.273	25.043	14.471	54994	6.8978	364.39
77.828	53.946	204.44	54296	7.005	360.7
35.534	24.305	201.69	50249	6.8223	361.63
40.63	5.6999	198.63	52506	6.9955	360.7
97.781	73.71	186.54	49110	6.7001	361.21
87.622	33.706	184.29	46869	6.7121	362.38
18.84	6.989	179.79	50830	6.8871	360.69
41.084	81.6	176.7	55513	7.0736	360.95
19.517	40.6	174.18	48876	6.7373	361.73
3.5671	22.567	171.17	49096	6.7537	361.69
97.859	84.421	167.63	42956	6.4531	361.68
87.599	74.105	166.81	52568	6.9539	360.77
35.21	66.353	166.29	51814	6.9218	362.03
35.407	55.515	165.59	53011	7.0004	360.6
24.827	45.841	164.41	51065	6.7869	361.65
10.253	61.421	155.89	51946	6.8667	361.39
3.9174	22.909	151.35	57742	7.1327	361.07
45.708	65.63	146.7	50495	6.7959	361.07
29.589	37.784	141.72	48964	6.7516	361.82
71.035	26.751	140.55	55024	6.9308	360.68
50.217	17.183	140.31	57653	7.057	361.24
14.236	23.575	131.08	52996	6.9017	361.86
96.536	31.667	130.51	48565	6.8534	361.82
15.345	97.695	128.15	48585	6.6884	362.08
87.767	74.892	127.76	54627	6.9642	362.23
39.61	28.016	121.1	51024	6.7563	362.21
70.571	16.844	120.29	52674	6.864	361.11
51.484	81.403	118.27	54047	6.9308	362.26
13.543	13.628	111.07	52714	6.9051	361.5
3.2877	13.849	111.27	47604	6.6492	360.91
77.202	85.388	108.47	51704	6.83	361.28
19.522	49.012	102.7	57868	7.0393	360.83
9.2503	49.302	102.58	50774	6.8069	360.88
8.2275	29.038	102.23	49936	6.7552	361.36
29.326	28.544	101.17	51550	6.8041	361.27
24.355	64.249	93.768	51553	6.8115	360.53
18.304	19.078	82.605	51818	6.7973	362.09
39.84	69.528	64.48	47454	6.611	362.24
55.093	33.42	13.893	59215	7.1226	361.01
64.911	33.056	13.946	56984	6.9505	362.06
5.248	35.031	243.09	50390	6.915	359.24
97.64	2.7307	240.45	42144	6.3749	358.6
51.247	59.962	214.5	55968	7.1208	358.76
26.344	97.35	186.43	56874	7.0643	358.41
78.45	95.255	187.13	45789	6.5586	360.37
15.631	76.67	186.44	51142	6.9062	358.41
97.664	63.571	186.4	47644	6.7092	359.04
87.682	64.004	186.07	56450	7.0482	358.91
97.521	43.248	185.37	54598	6.9876	359.94
55.805	54.853	185.58	53501	6.9291	358.84
45.15	34.824	183.95	52071	6.8639	359.07
71.706	69.857	176.64	54156	7.0277	358.86
24.459	2.6632	169.61	41090	6.4559	358.52
56.662	75.572	166.87	55649	7.0164	359.83
86.99	43.882	165.33	52539	6.9135	360.05
29.487	6.7544	160	58248	7.1341	358.4
87.129	64.457	147.36	52279	6.9136	358.43
81.21	36.566	141.21	54873	6.9764	359.93
19.133	17.93	140.73	56078	6.9973	360.21
29.213	7.431	140.12	49246	6.7476	359.92
91.548	5.93	139.31	52989	6.9444	358.98
9.517	72.06	136.78	54676	6.9889	358.94
71.493	60.406	136.34	45271	6.6432	358.85
24.263	23.171	131.09	51359	6.7924	359.31
23.934	13.087	130.53	55734	6.9615	359.38
77.985	95.814	127.78	52274	6.866	358.8
77.694	85.404	127.76	50514	6.8502	358.81
87.92	84.996	127.83	56651	7.014	359.81
25.15	77.46	127.15	44208	6.5204	359.79
60.218	47.518	122.16	50188	6.8065	359.7
81.083	27.095	120.99	56591	7.0095	358.72
72.361	90.628	118.09	54465	6.986	359.35
3.7473	43.923	112.62	49574	6.7443	359.94
15.132	97.635	108.69	50057	6.7747	359.06
25.159	87.379	108.19	48681	6.7198	359.98
19.165	59.194	103.17	53584	6.886	359.11
29.708	58.811	102.84	53983	6.9204	359.42
65.287	22.375	91.414	51094	6.8011	359.26
75.835	12.027	90.726	53320	6.8675	358.46
39.002	28.735	82.498	46880	6.5468	358.55
7.4804	19.253	82.883	50712	6.7826	359.67
70.7	17.609	81.816	51466	6.8347	360.18
13.047	34.345	73.637	52551	6.787	359.77
44.693	54.225	54.777	49231	6.6813	358.58
96.808	2.4898	52.046	41338	6.4721	358.73
2.5303	4.0149	14.144	40987	6.4041	358.48
45.85	3.473	239.91	45681	6.6906	356.72
20.392	9.1513	230.75	52609	6.9545	356.87
61.359	7.5132	229.9	49509	6.7906	357.95
68.253	74.838	224.27	58384	7.2049	357.07
20.055	39.043	213.56	50732	6.9199	357.07
40.377	19.162	212.01	48812	6.8062	356.85
67.784	85.295	205.61	51025	6.9339	357.11
26.662	97.147	205.09	55845	7.0488	357.72
98.141	73.556	205.56	40933	6.4043	356.66
20.234	6.1265	198.59	54176	6.9976	357.08
3.6515	2.7839	189.6	41106	6.4264	357.91
24.661	2.5804	188.8	40027	6.4745	356.66
36.605	97.055	186.52	58399	7.2236	357
56.153	65.33	186	50573	6.8359	357.63
34.96	35.304	183.71	49376	6.7529	356.61
97.523	33.603	184.51	46443	6.7498	357.78
19.585	26.999	181.38	45926	6.6481	358.15
51.479	90.984	176.71	55003	6.9673	358.36
81.679	48.758	175.59	54360	7.005	357.35
92.333	38.622	174.68	47366	6.7872	358.05
40.155	40.12	174.05	49649	6.7539	357.45
97.031	20.689	169.77	53331	6.9982	357.14
25.977	97.301	167.07	53884	6.9716	358.36
76.884	44.484	165.53	44081	6.6463	356.69
82.675	79.685	157.08	54598	7.0169	356.39
82.058	59.318	156.46	55648	7.0057	356.71
56.999	86.048	147.03	54419	6.9272	357.98
35.578	76.23	146.85	53742	6.9502	356.39
25.166	66.577	146.49	55316	7.0782	356.63
50.133	37.26	140.99	56267	6.986	357.68
10.094	92.704	137.32	51358	6.8901	356.72
72.502	90.453	137.31	55823	7.0788	357.08
34.838	42.924	132.08	52425	6.828	357.29
3.5561	23.535	131.39	49178	6.8043	357.02
36.051	97.234	127.7	51092	6.8302	356.42
76.828	65.814	127.29	43958	6.5526	356.36
19.718	48.69	122.5	47418	6.6917	357.36
44.794	53.015	112.9	50286	6.7847	356.58
49.969	58.25	102.84	49281	6.7044	357.55
39.67	18.304	100.6	48782	6.693	357.46
96.417	2.4217	90.402	34142	6.0412	356.88
29.241	59.244	83.718	48536	6.6862	357.68
60.116	28.059	82.311	48626	6.6863	357.74
49.75	17.993	81.958	50206	6.7049	356.92
9.5055	93.497	79.958	46291	6.66	357.17
75.688	22.098	72.389	51361	6.7853	356.76
49.642	38.699	64.012	53340	6.8549	358.11
7.4628	19.185	63.203	51824	6.8191	357.51
33.859	44.737	14.827	55036	6.9582	358.25
2.5354	14.305	14.254	41280	6.3992	357.63
66.79	63.111	242.46	43049	6.6537	354.33
76.637	3.316	240.73	45637	6.6183	355.07
56.201	2.9098	239.55	45093	6.521	355.18
40.776	39.134	232.55	57893	7.2733	355.56
5.2154	56.787	204.77	50787	6.9303	354.98
4.5656	24.732	202.5	48096	6.8033	355.31
45.797	24.09	201.77	50870	6.8147	356.22
71.546	5.13	197.91	51292	6.8562	354.43
9.7904	30.468	192.75	46803	6.7177	355.63
19.806	30.058	192.76	45563	6.5937	355.96
86.904	10.178	189.22	55196	7.0461	355.36
14.561	2.6779	189.27	37981	6.2585	355.97
30.598	81.595	176.54	56650	7.119	355.03
62.146	90.34	176.54	52803	6.9664	356.14
71.926	80.136	176.49	48736	6.757	355.36
13.865	2.8204	169.98	44338	6.6016	354.96
44.828	2.4352	169.31	37639	6.3462	355.45
88.147	84.127	166.94	55935	6.9921	356.05
87.159	53.784	166.17	58023	7.1722	354.62
97.565	53.44	166.3	44125	6.5734	355.94
51.48	81.116	156.73	50871	6.8286	355.36
34.977	32.591	151.12	53056	6.9534	355.63
24.183	22.343	150.9	49634	6.7548	355.46
65.654	21.537	150.22	52416	6.9349	355.06
61.66	80.599	137.47	51562	6.8635	354.86
44.805	32.926	131.26	51484	6.8202	355.81
98.109	94.608	128.01	40705	6.2606	354.7
67.17	85.6	127.89	57633	7.0798	354.97
35.738	66.711	126.93	42029	6.4561	355.26
92.135	56.972	121.05	47812	6.6513	355.05
20.252	92.381	118.17	46643	6.6625	355.2
64.723	42.714	112.14	51750	6.9001	354.61
54.874	32.608	111.5	50418	6.8303	354.42
56.371	76.156	107.95	45462	6.5589	355.82
72.402	90.939	99.126	48679	6.7206	355.87
20.001	82.719	97.874	47755	6.6639	356.17
75.476	32.454	92.217	49353	6.81	355.92
50.173	48.785	83.071	45422	6.5278	354.99
23.262	24.54	14.358	53610	6.9246	354.39
45.856	33.965	222.35	52587	7.011	352.9
67.549	75.055	204.89	51897	6.9404	352.6
25.559	56.157	204.8	56708	7.1586	353.84
5.1452	45.588	204.38	48809	6.8336	352.63
62.906	90.564	195.69	51157	6.9734	353.89
45.37	10.912	189.38	51695	6.8819	352.28
92.061	25.376	180.88	43205	6.4423	352.72
19.203	17.091	180.5	53316	6.9694	353.18
72.218	90.231	176.89	46999	6.7009	354.03
92.654	79.283	177.06	45291	6.6236	353.13
10.104	72.154	176.12	49507	6.799	353.02
9.6826	51.517	175.47	46003	6.7427	353.57
15.115	76.846	166.67	51134	6.846	353.41
14.832	66.495	166.17	50256	6.8637	352.49
14.675	56.561	165.9	48083	6.814	353.7
55.053	2.5457	149.48	38870	6.3405	352.65
34.334	2.6754	149.77	39831	6.3513	352.67
67.248	85.585	147.54	55457	7.0443	354.17
66.901	75.214	147.5	54608	6.9982	352.35
30.759	91.786	137.19	45809	6.5998	353.79
82.667	90.24	137.4	48181	6.775	353.93
51.006	81.167	137.19	49115	6.7667	353.48
40.522	71.138	136.69	48914	6.7543	353.32
67.404	96.351	128.05	53627	6.9658	353.99
91.307	6.5091	119.47	54352	7.0074	354.06
61.808	90.804	118.1	63529	7.3424	354.26
62.332	80.163	118.13	48243	6.7337	354.07
39.604	38.359	101.72	46502	6.6685	352.63
70.677	26.928	100.66	49055	6.7027	353.17
82.414	98.853	80.195	29933	5.9249	353.9
25.582	3.7672	240.07	51719	6.97	350.58
61.786	48.899	232.78	62672	7.415	350.99
88.936	95.368	224.78	50443	7.0016	352.17
30.897	60.935	215.05	58118	7.1901	350.28
87.989	63.463	204.78	53555	6.9643	351.35
35.897	44.768	203.73	54266	7.051	351.12
77.189	43.672	203.74	55315	7.1641	351.39
97.481	22.819	202.19	46163	6.697	350.29
89.081	95.157	186.85	47247	6.7277	352.05
98.398	94.366	186.78	36199	6.1691	352.1
5.2004	97.754	186.57	46482	6.6772	351.69
4.5162	46.662	185.82	50030	6.908	352.05
25.164	66.475	166.13	54992	7.0318	352.14
25.333	76.953	146.93	57275	7.0623	350.53
56.307	75.668	147.35	54522	7.0309	351.36
97.622	53.902	147.33	47797	6.7776	350.27
19.973	82.2	136.89	48767	6.7255	351.87
92.698	79.52	137.35	47552	6.7452	351.74
82.49	79.886	137.36	51424	6.9055	351.46
75.879	11.652	129.98	50433	6.8219	351.82
66.447	75.592	127.32	50907	6.8948	350.23
82.607	80.174	117.99	53745	6.9122	350.85
60.421	17.463	100.55	46694	6.6582	350.68
40.79	92.003	98.492	48492	6.7382	350.81
75.878	42.829	92.044	53400	6.8758	350.89
86.228	11.869	90.684	52349	6.8838	351.7
38.938	18.4	81.8	47854	6.6052	350.39
10.555	30.634	233.16	48337	6.8817	348.59
51.272	8.0877	230.07	52936	6.9513	348.76
58.067	95.833	224.78	49872	6.9275	348.5
5.8986	97.578	204.79	49860	6.8703	348.86
97.832	63.292	204.94	50287	6.8118	348.83
88.674	93.663	204.66	46653	6.8129	348.62
40.403	29.438	192.75	47166	6.7308	348.71
26.176	86.796	186.63	50730	6.919	348.99
66.926	74.726	186.38	53116	6.997	348.43
40.339	50.244	175.35	52408	6.9749	348.96
25.079	76.637	166.72	48484	6.8089	348.23
36.071	86.414	166.46	48423	6.7973	349.55
49.997	27.153	160.37	51101	6.8997	349.86
60.527	6.0666	159.22	50848	6.8921	348.2
83.657	98.537	157.85	42914	6.6966	349.02
93.524	89.025	157.15	53040	6.9233	348.15
14.178	23.006	151.04	50950	6.8518	349.71
55.5	21.728	150.38	49182	6.8366	350.02
25.409	97.198	147.3	46137	6.7496	349.02
77.143	75.007	147.38	54288	6.9869	348.43
9.2972	38.318	141.67	47513	6.7031	348.36
18.927	7.7071	140.22	52129	6.9469	348.74
50.828	70.777	136.71	47231	6.7082	348.84
14.037	43.473	132.16	46192	6.6283	348.26
75.898	31.997	131.14	55625	7.0699	349.13
45.129	12.482	129.73	51584	6.9407	348.98
29.212	17.993	120.97	51132	6.7872	350.17
8.1328	9.0974	101.2	49775	6.7807	348.23
55.674	53.257	92.456	49525	6.7762	348.55
55.576	43.193	92.361	50756	6.8659	350.03
33.717	34.391	14.127	56777	7.0643	349.49
88.547	74.105	243.46	48477	6.8873	347.39
66.101	3.452	241.04	43055	6.5829	346.84
15.429	3.641	240.03	49793	6.9072	347.61
62.317	69.516	233.58	50758	7.024	346.55
92.979	57.886	233.1	56668	7.1273	347.06
40.921	8.4114	230.74	49864	6.8633	347.29
55.423	53.78	203.77	45829	6.7894	348.05
15.359	35.187	203.28	42952	6.6335	347.35
15.743	86.774	186.59	49074	6.886	348.05
4.5842	67.076	185.79	51225	6.9767	347.25
91.344	5.279	179.22	46364	6.8065	347.39
51.573	80.822	176.88	47373	6.7405	347.7
92.192	48.696	175.82	52875	7.0027	347.97
86.588	20.434	169.92	49716	6.923	346.75
46.7	96.485	166.76	52094	6.9787	346.11
66.833	64.753	166.64	50673	6.8438	346.19
55.821	54.629	165.14	46240	6.6901	346.83
30.193	71.507	156.48	51416	6.9275	346.92
51.328	70.428	156.56	48037	6.7727	347.6
51.059	60.352	156.03	51212	6.8569	347.8
97.182	30.935	149.92	50164	6.9059	346.76
97.339	10.953	149.17	47793	6.752	347.25
87.943	84.638	147.42	50247	6.8551	346.3
9.0293	28.362	141.5	51430	6.8664	346.77
81.602	26.643	140.72	47976	6.7696	347.88
60.31	26.949	140.58	56077	7.0317	346.96
9.0182	18.289	140.77	56319	7.1248	347.03
91.762	26.539	140.06	53542	6.9689	347.55
81.574	16.193	140.23	49534	6.8366	347.75
60.553	16.81	139.95	50214	6.8349	346.54
71.036	6.6431	139.56	47900	6.7466	346.29
19.895	72.123	136.64	47786	6.7271	347.91
19.321	28.325	121.21	48180	6.7385	346.52
70.07	27.387	120.98	47159	6.6887	347.12
14.05	43.935	112.25	46276	6.6639	347.46
45.057	32.906	111.33	47776	6.6582	346.51
29.471	48.852	102.43	45040	6.6093	346.12
23.768	34.009	73.765	52058	6.8457	347.67
91.833	27.458	62.721	48268	6.7321	347.11
87.157	12.742	241.46	48472	6.9172	346.01
6.6234	97.601	224.38	46542	6.7548	344.71
36.137	44.822	222.79	56411	7.1949	344.83
77.278	23.253	222.12	47584	6.8753	344.71
56.308	13.465	220.93	44623	6.7006	345.54
79.442	85.338	205.36	45314	6.837	344.79
55.976	23.438	201.8	46506	6.7162	344.85
60.867	49.271	194.34	55300	7.1318	345.07
61.112	38.661	193.95	51095	6.9946	344.14
87.931	73.958	186.29	50318	6.84	344.87
77.062	64.268	186.15	49806	6.872	344.58
66.155	44.36	185.15	47835	6.7754	344.68
20.652	92.251	176.81	49567	6.8491	345.36
19.847	61.381	175.93	53605	6.9844	345.11
45.048	21.32	170.21	53623	6.9955	345.24
76.486	20.749	170.21	48330	6.7951	345.24
57.102	95.767	166.85	51879	6.9543	344.19
77.137	74.974	166.88	47269	6.7192	345.37
45.748	65.359	166.18	45678	6.7307	344.28
40.622	16.32	159.91	47343	6.7606	344.61
41.306	81.53	156.77	45246	6.7076	344.97
20.416	81.744	156.84	45745	6.6672	345.32
72.173	69.945	156.83	50168	6.8429	345.61
92.233	48.462	155.66	46999	6.7244	344.93
86.936	31.307	150.59	53051	7.0215	344.44
45.179	22.058	150.36	52726	6.9545	344.66
24.32	2.8833	149.68	39576	6.3583	344.99
67.333	95.657	147.48	45662	6.7179	344.08
4.5333	66.875	146.99	48863	6.8646	345.95
40.168	37.372	141.29	46838	6.7255	344.65
49.881	27.228	140.71	48698	6.7331	344.09
44.931	42.684	131.45	45373	6.6265	345.79
49.657	17.722	120.25	50064	6.8563	344.8
60.418	7.0775	119.78	47248	6.6628	344.72
14.446	53.818	112.76	49911	6.8404	345.45
65.032	32.672	111.73	44131	6.5598	344.09
91.985	26.446	100.45	44804	6.603	344.73
91.42	16.704	81.45	46395	6.6827	345.52
10.492	50.585	233.6	50554	7.0304	342.15
61.392	17.622	231.85	46268	6.7727	343.42
92.573	48.049	214.06	48549	6.9055	342.85
47.486	96.224	205.13	53408	7.0781	342.52
57.315	85.493	205.1	50800	6.9371	343.86
88.877	84.346	204.99	52027	7.0721	343.43
5.547	76.881	204.98	46806	6.7273	343.69
57.534	75.463	204.9	51370	7.0092	342.9
4.9103	35.539	203.94	45350	6.7284	343.31
92.481	14.594	198.61	45587	6.6822	343.27
70.983	15.456	179.76	47717	6.7949	343.57
81.309	5.5894	179.25	45494	6.7552	343.91
29.967	60.27	175.44	47765	6.8335	342.22
29.849	50.287	174.92	51790	6.9702	343.51
97.285	30.366	170.15	43536	6.6635	343.32
5.0779	75.93	166.71	49167	6.8696	343.29
71.416	26.031	160.9	45306	6.6481	342.39
82.421	69.72	156.86	51503	6.9061	342.08
10.015	71.888	156.32	48612	6.7199	342.59
15.06	76.939	146.9	52558	6.9273	343.51
93.584	98.584	137.45	33066	6.1119	342.04
75.949	42.025	131.59	47938	6.7371	343.72
13.796	13.339	130.77	50294	6.8605	342.43
15.142	87.604	127.68	43787	6.5735	342.11
87.663	65.074	127.26	45466	6.6398	343.34
40.942	91.726	117.94	43698	6.4904	343.82
72.183	80.55	117.8	49934	6.8528	342.32
9.9136	82.863	117.51	46855	6.6951	342.7
9.2714	72.682	116.53	47866	6.7978	342.36
55.605	53.029	112.26	49781	6.8045	343.22
24.075	33.622	111.85	45537	6.6034	343.83
14.355	64.394	93.673	44390	6.6039	342.7
13.711	34.177	92.837	47165	6.6801	344.02
66.221	53.399	92.151	47685	6.7713	343.93
25.638	24.276	242	45124	6.7903	340.6
30.379	40.542	233.2	44610	6.8401	341.92
15.419	14.687	221.28	47293	6.8201	341.79
61.906	90.231	215.49	47138	6.8649	341.88
83.382	79.387	214.31	51174	6.9943	341.9
36.988	96.786	205.13	52394	7.055	340.82
66.703	44.253	204.1	51628	6.9898	341.28
97.552	32.734	203.49	46541	6.7956	340.21
76.89	23.125	202.17	45130	6.7099	341.09
51.047	5.4708	198.44	46113	6.7672	341.64
14.339	11.663	189.8	43955	6.6484	340.92
46.375	75.686	186.51	48870	6.9112	340.19
50.07	16.179	179.78	51459	6.9691	341.76
20.182	71.929	176.41	44853	6.648	340.12
19.95	51.249	175.19	47048	6.7983	341.53
77.474	84.959	166.97	52117	6.914	340.87
25.444	86.737	166.67	50376	6.8825	341.39
67.376	85.327	166.62	49909	6.8647	340.56
56.402	85.565	166.67	48455	6.8406	340.5
4.4058	56.52	166.12	49439	6.9568	341.34
55.497	45.138	164.67	43633	6.7083	341.02
97.39	43.608	165.72	43800	6.7051	341.07
62.219	90.55	157.26	46896	6.7641	340.27
10.535	92.387	156.74	47325	6.7995	341.62
61.512	70.059	156.8	52846	6.97	340.9
45.084	32.103	150.91	47864	6.7555	340.8
86.759	21.088	149.98	53759	7.0703	341.59
45.182	11.482	149.71	50084	6.884	341.76
15.355	87.06	147.23	51277	6.9706	341.87
4.4519	77.431	146.77	47371	6.833	340.03
91.306	36.126	140.86	47320	6.763	340.21
60.402	6.8939	139.57	48296	6.8244	340.69
92.584	59.344	137	42467	6.5943	341.06
14.064	33.618	131.61	44438	6.5686	341.05
65.452	32.379	130.95	46130	6.6836	341.6
49.824	27.698	120.86	44899	6.5593	340.04
82.89	90.053	118.2	51724	6.8861	339.97
30.264	81.952	117.75	52437	6.9023	341.44
34.94	53.615	112.8	46053	6.6484	341.72
24.165	43.472	112.48	47966	6.7889	340.23
54.746	22.542	110.38	45739	6.6764	339.96
96.765	2.4629	109.46	37378	6.3903	341.5
47.081	86.055	243.45	52076	7.0781	338.22
14.655	35.203	243.11	41879	6.6281	338.91
10.039	9.3291	230.9	47635	6.7888	339.14
30.785	8.9936	231.13	47042	6.8017	338.98
10.697	30.478	213.18	43590	6.6716	339.09
9.8154	20.086	212.46	49521	6.8799	338.56
71.719	18.318	211.98	45629	6.7753	339.46
46.35	65.124	204.4	52530	7.0619	339.76
15.463	56.37	204.73	50038	6.9746	338.64
87.412	53.79	185.63	49070	6.8644	338.9
14.701	56.478	185.4	46630	6.7891	338.88
45.666	55.032	185.33	47692	6.7707	338.34
55.616	44.945	185	49904	6.9138	338.23
3.9155	35.793	184.4	47969	6.8422	338.05
70.583	5.734	178.97	47217	6.8054	339.55
10.477	82.269	176.8	42977	6.5942	339.75
30.31	71.386	176.17	45562	6.6992	339.95
81.647	38.959	174.58	43985	6.6443	338.44
36.389	97.112	166.96	51258	6.9402	339.63
76.806	54.252	166.18	48246	6.8811	338.53
66.342	54.494	166.06	45443	6.7114	339.16
92.401	35.483	160.91	39757	6.415	337.99
91.55	15.784	159.76	48159	6.8717	339.03
72.751	90.27	157.24	49856	6.8866	339.16
83	89.736	157.17	49912	6.8918	338.35
51.894	91.017	157.08	46937	6.7188	338.94
41.406	91.342	156.81	45989	6.6864	338.89
30.487	81.458	156.73	48904	6.8393	338.52
72.501	79.987	157.03	51245	6.8702	338.63
76.765	31.183	150.79	43413	6.6336	338.2
25.482	86.937	147.06	50292	6.8709	339.59
54.983	42.393	131.41	47527	6.7626	339.06
96.575	2.3133	129.21	32208	6.1484	339.14
39.885	17.839	120.54	46827	6.6754	338.18
23.929	13.586	110.81	47179	6.7396	338.91
26.683	97.309	243.8	48355	6.9261	336.25
57.003	54.656	243.09	52879	7.1495	336.2
97.629	52.765	242.78	42605	6.6211	336.57
45.958	44.334	242.91	54930	7.2879	337.38
97.467	42.845	242.69	40260	6.5793	336.69
4.2631	3.7374	240.4	47775	7.0018	337.76
41.345	60.098	233.8	53329	7.0676	337.12
20.579	40.18	233.22	47047	6.8789	336.78
88.321	63.942	223.99	49070	6.9163	336.38
93.269	68.722	214.79	50071	6.9268	336.06
66.239	33.596	203.44	47492	6.8334	336.28
20.342	61.883	194.97	47953	6.8834	336.34
71.454	59.719	176.32	47893	6.8565	337.72
9.6259	61.646	175.96	45675	6.7431	336.95
86.627	10.658	169.21	47518	6.8249	337.76
15.436	86.883	166.92	47238	6.7803	336.08
8.8877	17.476	160.69	45132	6.7185	337.55
91.518	5.6014	159.34	39253	6.4855	337.55
10.237	82.045	156.7	52021	6.9873	337.67
92.47	59.14	156.56	44856	6.6191	337.1
34.892	12.402	150.6	49097	6.8757	336.86
24.247	12.259	150.05	51295	6.9626	336.54
33.788	24.432	13.747	47941	6.7723	337.37
15.335	24.276	242.3	50927	7.014	334.65
83.75	89.619	233.81	50751	6.972	334.35
73.452	79.533	233.71	51867	7.0793	334.39
93.032	68.484	233.74	44974	6.7613	334.51
51.528	49.136	232.99	50940	6.9868	334.06
41	18.678	231.89	49173	6.8817	334.76
71.826	17.863	231.9	44777	6.7243	334.54
92.361	7.5407	230.38	43601	6.6653	334.81
16.254	87.236	224.36	51883	7.0746	335.03
47.428	96.169	224.48	50672	7.087	334.53
5.3069	35.781	223.69	48330	6.9561	334.21
10.548	71.914	214.91	46438	6.8352	335.16
41.287	60.416	214.63	48444	6.9761	334.08
9.9427	40.438	214.38	43165	6.7236	335.65
15.115	2.5123	208.7	37881	6.3682	335.77
26.437	86.736	204.89	47582	6.8439	334.68
88.318	73.862	204.84	48694	6.8834	335.37
97.657	42.879	204.04	48575	6.7816	334.84
87.411	32.856	203.18	48986	6.9652	334.03
61.404	5.4162	197.92	39077	6.4597	335.04
81.515	4.9183	197.81	45620	6.809	334.77
94.135	89.346	195.67	43715	6.7358	334.3
97.163	9.7061	189.13	43932	6.6552	333.83
97.67	53.351	185.51	45409	6.7231	335.59
8.7441	7.0418	179.86	49467	6.942	333.93
29.767	6.4666	179.61	45956	6.7896	334.03
65.954	21.054	170.56	46415	6.693	335.22
24.315	11.794	169.86	49707	6.8892	335.05
55.292	2.3162	169.4	34558	6.3417	334.01
46.232	86.305	166.53	48799	6.8956	335.17
87.399	64.125	166.44	50772	6.8976	334.88
8.9466	7.317	160.23	44235	6.6621	335.61
97.064	20.624	149.57	47359	6.8136	333.92
45.018	2.6219	149.15	36832	6.2505	334.07
14.25	2.9234	149.75	40247	6.3432	335
91.658	16.042	139.82	49684	6.867	334.18
72.258	80.565	137.32	44500	6.7039	335.38
93.456	98.614	98.844	32080	6.0414	335.63
82.899	98.796	99.207	31180	6.0792	334.12
57.459	75.571	243.69	43552	6.7154	333.29
46.571	64.963	243.7	47126	6.8859	332.57
16.546	97.26	224.09	48628	6.9205	332.66
36.684	86.475	224.09	49051	7.0219	331.92
41.262	81.323	214.37	45933	6.8629	332.74
61.663	60.007	214.89	46833	6.8116	332.13
30.166	39.121	213.43	50789	7.0525	332.12
81.744	18.329	212.34	43007	6.6593	332.2
46.73	75.656	205.29	49413	6.9005	332.33
45.96	55.551	204.63	49218	6.9775	332.26
14.92	45.384	204.78	44149	6.7221	332.6
97.641	53.236	204.4	46176	6.7411	333.6
25.237	34.771	203.34	50605	6.9832	332.13
72.351	69.712	195.08	42758	6.6469	332.78
92.644	48.073	194.77	49240	6.9352	331.92
57.105	85.629	186.43	42577	6.5816	332.5
36.263	76.709	186.6	41584	6.5923	333.66
31.001	91.887	176.53	51332	6.9584	333.08
92.325	58.691	175.92	46916	6.8205	332.19
3.7884	12.277	170.56	48154	6.8944	333.46
35.096	76.392	166.72	46409	6.7604	332.51
61.489	60.137	156.15	45674	6.7017	333.08
20.169	71.77	156.52	50496	6.8997	332.88
55.202	31.84	150.65	44609	6.6934	333.04
76.609	21.257	149.94	40066	6.4132	333.69
55.644	11.409	149.43	46457	6.8054	331.86
9.6982	92.95	98.866	46367	6.7125	332.06
26.206	87.123	243.55	49888	6.989	331.59
41.557	81.309	234.11	49107	7.0238	330.15
93.714	78.974	233.89	47999	6.8671	330.01
92.688	47.808	232.75	48976	6.9538	330.63
26.752	97.402	224.42	44982	6.7379	330.9
25.689	13.905	221.42	42548	6.654	330.93
40.404	39.364	213.58	45022	6.8079	330.04
98.474	94.171	205.43	34634	6.2619	331.55
5.4827	66.739	204.7	49078	7.0009	330.17
51.791	80.877	195.33	44600	6.7683	329.86
72.966	79.916	194.96	45824	6.7389	331.15
40.418	39.563	193.9	43028	6.7463	331.25
50.472	29.236	192.64	40270	6.5086	330.9
66.224	10.456	189.33	42358	6.5779	330.88
88.439	84.184	186.59	47046	6.8367	331.39
56.759	75.604	186.28	48844	6.8792	330.39
60.17	15.992	179.98	45195	6.6802	331.16
50.939	70.633	176.6	46868	6.8095	331.08
40.721	70.987	176.08	51889	7.0024	330.37
55.415	21.324	170.41	46421	6.7783	331.32
54.886	11.17	169.61	44514	6.719	331.13
66.902	75.096	166.82	48772	6.8427	331.14
50.258	6.0593	159.46	46444	6.7451	330.04
92.597	69.309	156.82	46073	6.8164	330.79
92.956	79.177	156.81	47909	6.7942	329.9
41.117	59.982	155.71	40918	6.4098	329.97
9.8165	82.521	137.19	48045	6.8625	330.65
86.787	21.791	130.5	41337	6.5204	331.11
78.699	84.665	243.25	54572	7.1977	329.06
4.8278	14.134	241.77	43285	6.7603	328.86
62.582	80.043	234.01	45671	6.7903	328.36
72.689	58.327	232.58	47062	6.9281	329.55
10.106	19.442	231.85	44517	6.7991	328.04
36.643	66.171	224.18	44836	6.7934	328.33
36.005	23.979	222	51948	7.0313	329.15
21.001	92.026	215.07	49108	6.9184	329.02
92.879	58.055	214.28	45372	6.7896	329.03
50.545	28.828	213.07	47269	6.8712	328.27
26.158	76.433	205.21	51828	7.0592	327.78
57.693	95.804	205.34	48937	7.0278	328.42
47.181	85.832	205.04	51483	7.0255	328.52
78.264	74.251	204.7	47084	6.8164	328.05
35.659	34.454	202.99	49999	7.0209	329.38
10.591	82.3	195.29	43398	6.7006	329.54
83.421	79.504	195.39	47030	6.888	329.31
41.201	71.314	195.25	44278	6.764	328.27
51.626	70.365	195.2	46698	6.846	328.89
83.515	69.235	195.37	42682	6.6908	328.03
92.38	28.547	193.35	36030	6.3809	328.35
55.522	10.658	189.33	42139	6.6135	329.56
47.007	96.243	186.45	50384	6.9757	329.69
39.701	16.231	179.94	42559	6.6226	328.15
82.528	79.379	176.56	46137	6.8238	328.73
34.883	11.262	169.79	47853	6.8483	328.21
81.538	25.921	160.38	47999	6.9076	329.01
39.919	6.4742	159.69	45029	6.6869	327.67
14.035	12.323	150.32	47811	6.8354	329.64
76.346	11.098	149.65	43811	6.6627	329.47
14.73	66.801	146.78	44114	6.6421	328.5
29.376	27.796	141.12	47317	6.7933	327.69
8.9648	8.1263	140.26	46809	6.787	328.11
30.178	71.766	136.33	42603	6.5838	328.13
4.4697	88.055	127.65	45537	6.7201	329.18
93.598	98.814	118.08	29867	5.9843	328.04
16.113	87.505	243.53	47450	6.9194	326.81
36.639	86.569	243.48	52371	7.0977	326.21
77.222	22.662	241.74	46191	6.8772	325.69
82.964	69.199	214.59	45768	6.8873	325.8
10.543	7.1729	198.6	41417	6.6105	325.85
83.93	89.204	195.08	47004	6.8588	326.46
93.863	79.115	195.72	45602	6.797	327.33
40.704	61.44	195.21	39520	6.6448	326.12
82.373	28.22	193.18	39824	6.5828	325.72
76.37	10.358	189.07	41005	6.4908	326.72
67.298	85.147	186.41	49864	6.9769	326.14
45.567	44.837	184.69	46811	6.8779	325.71
20.513	82.046	176.48	45987	6.7677	325.86
61.646	80.357	176.43	43295	6.6876	326.15
14.035	22.452	170.82	43214	6.6373	327.3
34.659	21.585	170.39	43766	6.6685	327.18
96.872	10.496	169.38	49014	6.9774	326
81.552	15.777	159.75	47689	6.9006	326.46
19.696	61.538	156.16	46912	6.7845	326.8
76.027	2.2722	149.32	30061	5.9539	327.14
77.633	85.283	147.44	43533	6.6713	325.97
65.597	42.419	131.36	44375	6.6836	325.74
55.516	12.25	129.86	44520	6.6987	325.79
91.525	16.514	119.71	41244	6.5612	326.19
98.171	73.55	242.95	34341	6.284	323.86
5.3824	45.404	243.05	46928	6.9081	323.78
87.06	32.703	242.46	46127	6.8907	324.81
10.913	82.366	234	50014	7.0182	325.27
83.501	78.921	233.94	46378	6.9224	325.02
31.027	60.155	233.71	50910	7.0601	325.33
98.401	84.385	224.54	35192	6.3261	325.46
5.8828	77.466	224.11	44152	6.7448	325.47
52.045	80.399	215.28	49537	6.9527	323.67
62.076	70.195	214.74	50114	6.9865	324.8
50.574	39.374	213.73	40414	6.6477	325.58
71.712	28.154	213.05	47475	6.9111	324.44
45.562	34.086	203.21	47938	6.883	325.55
20.715	71.942	195.62	44583	6.7095	323.67
5.2628	87.574	186.42	43648	6.7499	324.24
24.844	66.628	185.77	40720	6.6477	323.97
14.72	46.053	185.36	43855	6.6932	323.96
39.739	6.3254	179.5	43017	6.7193	324.58
41.462	91.55	176.59	46655	6.8819	325.28
81.909	59.142	175.95	48612	6.8935	324.26
71.417	15.815	159.34	44309	6.7076	324.58
34.604	23.218	130.94	39262	6.373	324.65
64.958	22.071	130.23	44792	6.6572	324.95
5.8319	87.769	243.67	40962	6.6281	323.14
68.828	95.597	243.43	42266	6.7858	321.53
44.96	23.585	241.85	43653	6.7077	322.73
97.264	22.162	241.94	48727	6.9302	321.93
11.157	92.498	234.2	46985	6.9063	322.65
63.122	90.539	234.48	44992	6.8377	321.88
51.382	18.345	231.54	40171	6.6422	322.22
71.585	8.1307	230.69	45361	6.8084	323.31
58.436	85.112	224.6	46148	6.9085	321.92
58.315	75.165	224.24	42745	6.7058	321.81
98.247	72.988	224.08	37009	6.377	321.95
26.029	24.222	221.94	44312	6.6793	323.04
41.271	70.726	214.66	43948	6.7884	321.79
10.325	61.383	215.07	48401	7.0179	322.19
72.786	59.533	214.54	42858	6.7397	323.23
92.289	27.777	213.31	50566	7.0464	323.02
30.239	19.029	211.97	34887	6.2073	322.06
36.476	86.455	204.99	48470	6.96	321.85
36.055	66.034	204.56	46140	6.8663	323
5.6692	87.296	204.54	41099	6.6656	322.51
30.937	71.279	195.29	46471	6.9164	322.38
71.58	28.509	193.19	35867	6.3853	323
36.446	86.569	186.6	48164	6.9625	323.17
98.398	84.181	187.09	33910	6.1953	322.1
46.195	65.978	186.23	46618	6.8424	322.54
35.31	44.938	184.8	42968	6.7108	322.24
10.422	92.694	176.93	48646	6.9014	322.07
46.304	86.363	147.27	36969	6.3123	322.83
35.008	66.215	145.99	44326	6.7042	322.36
51.585	91.137	137.2	46417	6.7961	321.58
77.336	53.112	242.48	45681	6.8451	319.69
56.129	34.234	242.61	40803	6.6602	321.14
76.812	33.049	242.14	47605	7.0433	320.04
20.526	50.772	233.72	43228	6.8208	320.93
20.579	29.669	232.68	40013	6.5828	320.06
37.122	96.761	224.25	47943	7.0595	321.17
78.966	84.584	224.17	43965	6.7376	320.21
16.049	66.664	224.39	45315	6.8657	320.57
77.979	64.346	224.1	44545	6.8005	320.55
15.581	34.686	223.35	42477	6.6514	320.27
10.967	92.399	214.71	46596	6.9035	320.85
62.142	80.215	215.06	44648	6.8369	320.82
40.332	49.578	214.08	42414	6.7124	320.06
15.553	66.443	204.93	45357	6.8136	319.56
56.579	64.641	203.97	43439	6.8056	319.71
15.171	66.441	185.87	45277	6.788	319.74
25.324	56.578	185.76	46517	6.9107	319.81
35.301	54.765	185.17	42170	6.6863	320.47
9.1297	17.181	180.49	46294	6.8043	319.85
29.648	16.582	180.29	46701	6.8565	320.25
61.248	60.427	176.01	43434	6.7846	319.86
19.724	27.215	160.75	39254	6.4634	320.1
92.03	25.814	159.82	42468	6.634	320.89
60.578	15.878	159.76	44723	6.7552	321.23
65.548	2.501	149.21	32755	6.0917	319.97
86.264	42.505	111.74	43885	6.6798	321.09
75.623	11.465	110.03	38671	6.4273	321.41
16.165	97.506	243.55	42003	6.7588	318.45
68.426	74.796	243.54	44455	6.8341	318.51
57.587	64.951	243.27	43024	6.7702	318.24
25.782	45.065	243.06	45808	6.8702	317.97
25.419	14.127	241.75	44705	6.8874	318.01
35.682	3.4749	240.03	40641	6.6232	317.43
31.362	81.764	233.6	45308	6.954	318.81
82.711	57.811	232.75	42623	6.7241	318.18
92.54	37.356	232.6	48743	7.0166	317.96
88.794	84.335	224.45	44958	6.8349	319.26
5.8156	87.298	224.09	45178	6.8476	317.52
98.016	62.921	223.65	40155	6.4891	318.43
97.413	32.731	222.72	45952	6.9122	318.3
50.756	49.499	213.86	48605	7.007	317.56
61.085	28.694	212.95	42179	6.6886	318.28
36.048	56.121	204.62	42584	6.7155	317.76
45.943	44.464	203.56	47991	6.964	318.53
87.468	23.064	202.51	41286	6.5862	318.44
20.938	81.75	195.43	44658	6.7778	318.29
82.814	38.878	194.38	43986	6.8467	318.52
46.705	86.341	186.55	42849	6.66	319.17
93.84	98.6	177.45	31993	6.1829	318.14
61.543	70.514	176.38	46389	6.8355	318.04
50.631	49.918	174.93	42514	6.6407	318.94
71.324	5.7209	158.81	44039	6.7637	318.52
97.027	2.2317	149.11	30793	6.2333	317.87
56.56	86.345	128.29	41439	6.6106	318.41
18.653	8.2138	120.57	39628	6.4948	318.53
82.526	47.991	232.57	49137	7.0781	315.7
41.182	28.293	232.14	42718	6.7276	315.55
56.411	23.321	222.34	39967	6.6726	316.47
46.094	23.723	222.27	41627	6.7086	315.45
21.067	81.878	214.69	55416	7.274	317.27
94.249	78.447	215.42	41325	6.6929	315.68
51.79	70.027	214.18	42738	6.7548	315.79
20.821	71.308	214.72	51967	7.1809	316.6
71.741	38.26	213.39	47668	6.9907	316.68
92.054	18.124	212.48	39270	6.5183	316.83
92.735	68.675	195.36	44021	6.7897	316.46
20.333	40.303	193.82	43613	6.8318	315.87
50.908	39.457	193.87	45110	6.8661	316.43
82.187	69.296	176.49	45070	6.8115	316.47
40.473	60.164	175.59	45878	6.8492	316.89
3.702	2.7758	169.75	37610	6.473	315.65
98.289	84.655	244.23	33716	6.3068	313.57
57.044	85.418	243.34	45202	6.8688	314.91
26.343	76.715	243.31	43984	6.8853	313.55
78.075	74.531	243.53	41621	6.7428	313.85
15.267	55.675	243.47	38390	6.6035	314.63
56.836	44.214	242.84	46034	6.9724	315.28
56.559	11.829	241.08	42392	6.7003	313.77
10.06	40.408	233.32	45448	6.948	313.62
46.648	54.572	223.58	44847	6.882	313.96
15.736	55.856	223.61	40839	6.7812	314
87.851	42.98	223.1	46915	6.9326	313.34
97.772	42.78	223.33	40909	6.6309	313.83
97.783	12.569	221.7	38926	6.5411	315.37
51.793	90.94	214.76	41475	6.7102	315.13
67.42	95.558	205.51	43717	6.846	313.91
25.319	44.955	204.26	44669	6.8365	314.63
55.936	44.499	204.16	44962	6.8476	313.73
10.881	71.739	195.21	43607	6.7794	314.44
82.628	59.126	195.14	42394	6.6896	314.07
9.7067	51.437	195.06	35994	6.3665	314.88
71.525	38.456	193.95	44325	6.8082	314.31
77.117	54.145	185.89	48351	6.9132	314.23
76.626	44.037	185.46	42531	6.701	314.61
98.407	94.337	167.97	33548	6.2151	314.87
66.636	65.098	147.17	45024	6.7631	313.97
47.017	96.377	243.42	45392	6.9142	312.04
36.38	76.263	243.63	45624	6.9652	311.89
46.804	75.822	243.62	41566	6.6932	312.49
5.6684	66.907	243.38	45642	6.9183	312.28
35.936	55.394	243.36	41765	6.7128	311.63
87.356	42.657	242.53	43983	6.8713	312.74
35.933	34.882	242.77	39648	6.5108	311.34
67.085	43.472	242.46	48912	7.0644	313.1
45.951	13.316	241.47	43960	6.821	312.62
21.013	71.745	233.95	47235	6.9286	312.26
72.98	69.457	233.68	44560	6.7923	312.78
52.031	69.657	234.77	46354	6.8739	312.58
20.717	60.655	233.54	51260	7.1891	312.3
41.084	49.835	233.29	50083	7.0969	311.79
61.51	28.09	232.1	47202	6.9403	313.22
20.343	19.39	231.79	42571	6.7444	311.67
30.701	18.787	231.95	44978	6.8234	312.9
78.84	74.466	224.02	40780	6.6463	312.74
26.093	66.136	224.19	47930	7.0171	311.69
56.775	54.457	223.6	45466	6.9973	312.53
77.499	33.099	222.53	42276	6.7838	311.3
20.39	50.787	214.38	40453	6.6888	312.75
40.689	28.923	212.82	45034	6.8575	311.66
21.237	92.226	195.54	42695	6.8331	312.31
92.991	58.495	195.23	49500	7.0485	313.09
87.387	43.558	185.23	42559	6.7322	312.9
36.106	65.499	243.48	40432	6.6847	311
89.116	94.585	243.54	42502	6.7109	309.34
25.33	34.793	242.84	40698	6.7391	311.24
87.572	53.071	242.55	42340	6.8079	310.35
97.644	32.707	242.62	42873	6.7724	311.02
51.913	80.611	233.89	46493	6.9744	310.48
83.359	69.091	233.47	43380	6.7747	309.31
50.898	28.509	231.34	41734	6.7468	309.31
57.154	65.294	223.81	40864	6.6965	310.62
67.922	64.541	223.79	45729	6.9194	309.32
16.585	24.597	222.62	33707	6.2866	310.79
76.904	12.91	221.3	36295	6.3332	309.87
41.837	91.129	214.86	45423	6.9166	309.45
36.297	76.053	204.81	45261	6.8777	309.57
10.693	92.46	195.22	35977	6.4644	310.28
25.888	76.707	186.5	45861	6.8245	311.17
14.287	32.821	151.82	38995	6.5043	311.19
96.579	2.1519	14.631	31693	6.2595	310.63
15.916	76.734	243.67	46396	6.963	308.57
15.653	66.468	243.59	46869	7.0385	307.95
5.2251	56.5	243.4	38675	6.6703	308.78
4.8074	24.022	242.69	40387	6.7487	307.29
67.339	23.083	241.88	39606	6.6749	308.2
66.669	13.276	241.56	38422	6.5564	309.14
31.754	91.792	233.95	48052	7.0447	308.28
73.521	90.222	234.18	39761	6.6873	307.22
84.353	98.569	233.56	35059	6.4943	308.75
72.158	48.35	232.55	44753	6.8659	307.68
68.495	95.717	225.13	44036	6.9201	308.12
5.7558	66.619	224.02	41870	6.763	308.32
25.81	55.542	223.68	44098	6.9147	307.69
67.332	33.126	222.59	46923	7.0677	307.84
20.514	61.278	214.82	38177	6.6005	308.11
78.03	63.96	204.9	44962	6.8408	307.3
15.761	87.079	204.85	49541	7.0877	308.51
15.697	76.764	204.7	41930	6.7129	307.54
87.628	43.189	204	45919	6.8875	308.4
41.802	91.426	195.58	40856	6.676	308.28
81.309	15.113	179.41	39952	6.6155	307.41
24.853	55.884	165.35	40278	6.5739	307.65
36.892	97.033	243.7	41845	6.8109	305.91
5.7629	77.028	243.29	43782	6.828	306.35
57.445	95.9	243.22	42954	6.8612	305.82
25.966	55.59	243.39	41814	6.7819	305.31
87.19	22.851	241.8	40716	6.7313	305.74
35.803	13.617	241.49	40363	6.7036	306.97
41.599	70.479	234.15	46106	6.9666	306.95
51.345	59.46	233.34	45317	6.8752	307.09
26.322	76.439	224.5	48111	7.0698	306.75
5.533	45.44	223.46	37607	6.5378	306.06
25.489	34.23	222.7	37991	6.5867	305.28
20.539	29.275	213.26	42853	6.7993	305.34
41.676	81.304	195.34	39697	6.6362	306.09
30.523	61.326	195.28	38154	6.5988	307.1
13.793	12.03	170.17	40499	6.6358	305.24
45.148	11.33	169.67	41399	6.6892	306.59
98.436	94.455	243.82	32547	6.2869	305.07
88.522	63.609	243.05	43741	6.8373	303.97
68.44	84.752	243.34	41883	6.7971	303.89
45.618	33.058	241.5	37905	6.5622	303.43
21.249	92.202	234.3	42988	6.7594	303.86
78.841	95.117	224.69	46699	6.9866	304.51
10.258	61.57	194.93	39467	6.644	303.37
82.191	49.225	194.57	37682	6.5339	303.36
24.73	11.648	189.59	37067	6.4457	304.33
2.4255	92.724	233.71	33206	6.4369	301.65
94.113	89.395	234.01	41744	6.7349	302.09
21.169	82.047	233.98	43734	6.8859	302
10.542	71.781	234.08	43264	6.8532	302.16
51.227	38.375	232.38	40531	6.7096	301.87
88.169	52.943	223.29	45420	6.9299	302.3
56.375	43.589	222.66	44045	7.0253	302.41
31.271	81.789	214.68	39889	6.684	301.33
10.717	82.038	214.75	44394	6.842	302.61
79.233	95.291	205.41	36654	6.4621	301.48
88.02	53.384	204.15	38309	6.4838	301.19
30.394	5.9034	198.76	37930	6.4829	301.99
52.16	90.881	195.53	42616	6.8618	301.91
62.409	80.355	195.06	37218	6.4812	303.05
71.509	49.122	194.45	41107	6.7749	302.46
97.544	12.078	241.58	39542	6.6236	299.18
72.146	38.136	232.34	46659	7.0486	299.04
67.54	42.868	222.91	39004	6.6594	300.08
87.937	32.797	222.54	40763	6.7897	299.93
97.553	22.524	222.63	44337	6.8987	299.77
87.402	23.009	222.27	40720	6.7678	300.18
67.028	23.201	222.06	42720	6.8005	300.32
82.3	48.436	214	42100	6.7999	299.9
31.183	81.508	195.35	38558	6.604	300.22
50.732	49.619	194.32	42033	6.7888	300.11
46.312	54.657	243.24	35376	6.5356	297.99
30.842	50.386	233.65	41731	6.8646	297.07
92.172	17.357	231.98	42407	6.81	298.53
46.858	64.229	223.69	39761	6.6718	297.85
72.435	48.533	214.16	45365	6.9802	297.09
61.052	49.424	213.77	39651	6.6876	298.05
81.669	28.036	213.1	37838	6.5613	298.61
30.425	28.97	213.03	42986	6.7619	298.45
77.23	33.301	202.89	43680	6.8975	298.83
30.255	40.22	193.75	36485	6.5219	297.76
8.5626	18.463	121.32	36972	6.4078	298.71
35.833	44.982	242.77	41395	6.8066	295.26
35.401	23.807	241.61	34789	6.4935	295.62
81.988	27.852	232.08	47633	7.0082	295.19
26.61	86.722	224.32	35430	6.484	296.53
97.75	52.931	223.49	37633	6.5486	295.05
36.162	55.482	223.57	40329	6.7785	296.87
31.442	91.764	195.4	38125	6.656	295.09
98.051	63.159	243.19	37198	6.4387	292.89
15.375	14.139	241.8	38431	6.6757	294.48
81.794	18.007	232.08	41184	6.7904	293.33
35.764	33.664	222.67	38596	6.7128	294.89
31.31	91.675	214.63	40151	6.7196	292.96
92.407	37.492	213.59	40922	6.8527	293.05
77.284	43.128	242.41	41520	6.8144	291.82
10.462	61.295	233.6	41923	6.929	292.27
41.902	91.441	234.08	43500	6.8588	292
67.386	53.703	223.21	42925	6.9071	290.87
6.1989	97.879	243.62	33189	6.3115	289.12
89.055	84.485	243.43	39473	6.7311	289.59
52.557	90.629	233.81	37060	6.6642	289.05
31.207	70.922	233.67	40589	6.7371	289.7
16.286	76.614	224.4	40215	6.789	289.97
73.012	69.39	214.53	45001	6.9287	290
82.682	59	214.54	40019	6.7809	289.31
79.171	95.264	243.79	37938	6.7028	287.56
78.05	63.356	242.33	41363	6.8126	287.72
15.49	45.195	243.06	39452	6.7729	288.4
76.902	12.672	241.61	35037	6.4469	287.68
71.922	27.83	232.41	42481	6.88	287.92
77.68	43.239	222.95	36472	6.6527	288.05
73.176	79.689	214.43	40452	6.7612	286.71
92.717	38.106	194.3	36845	6.5638	286.89
67.706	53.21	242.78	32748	6.3715	285.39
25.912	66.324	204.77	38166	6.6275	285.25
61.91	59.675	232.73	35112	6.6284	282.89
47.047	86.166	224.23	38084	6.6117	283.37
77.783	53.226	222.95	40747	6.7933	283.78
73.393	90.157	214.2	39672	6.765	283.43
66.745	33.073	242.13	40308	6.8321	282.35
10.522	50.911	214.4	37601	6.6888	281.89
61.514	38.599	213.86	39679	6.8136	281.61
82.013	38.018	213.38	38352	6.7194	281.14
26.076	65.687	243.22	39543	6.7592	280.52
46.249	44.033	222.76	37434	6.6842	276.78
88.607	73.915	223.9	37533	6.6843	275.35
31.137	71.377	214.63	31754	6.2996	276.25
56.406	33.123	222.44	35197	6.5851	272.78
61.847	38.161	232.28	38175	6.7242	271.19
92.102	27.357	232.42	38946	6.8414	271.21
15.215	44.921	223.09	34467	6.4153	268.43
92.447	4.2755	197.6	34857	6.6897	268.9
36.398	75.978	224.15	37364	6.6762	264.4
82.467	37.656	232.69	35729	6.6371	260.68
25.648	2.6906	228.54	1.0717e+05	6.9073	793.87
86.273	3.0552	129.03	1.2234e+05	7.1566	792.44
29.041	17.927	140.66	1.467e+05	7.5842	790.15
83.517	98.195	137.69	1.1821e+05	7.1347	775.28
72.179	98.444	80.204	1.0338e+05	6.9773	774.29
82.759	98.444	25.505	1.0446e+05	7.025	774.61
30.524	50.454	214.31	1.5289e+05	7.7256	771.55
34.495	2.9834	169.19	1.2102e+05	7.1592	769.67
97.885	83.839	205.3	1.2146e+05	7.2779	751.49
85.962	2.8557	148.69	1.1542e+05	7.1549	753.35
83.248	98.335	118.18	1.0435e+05	7.0178	741.34
94.569	98.09	195.88	1.0758e+05	7.0089	740.67
83.963	98.152	177.35	1.1118e+05	7.1296	730.29
85.963	2.6947	169.01	1.0773e+05	7.1388	727.51
45.435	2.76	189.03	1.0555e+05	7.0433	720.16
29.496	26.931	161.01	1.1768e+05	7.3738	719.39
35.593	2.8224	189.14	1.0806e+05	7.111	710.41
2.7583	72.223	233.43	1.0353e+05	7.0555	704.28
83.925	98.176	195.96	1.0581e+05	7.088	701.51
73.108	98.204	176.87	1.0787e+05	7.142	696.72
84.199	98.195	215.39	1.0465e+05	7.1241	691.83
2.6933	72.05	214.66	1.032e+05	7.107	692.49
4.4751	3.0399	207.84	1.1052e+05	7.2714	686.53
97.915	94.678	225.01	1.0768e+05	7.2645	679.45
94.793	98.061	233.75	1.0454e+05	7.1735	678.18
2.7486	92.54	214.34	1.0022e+05	7.1448	671.49
93.015	98.428	25.029	1.0462e+05	7.0094	775.39
72.363	98.361	61.504	1.015e+05	6.9603	745.3
55.422	2.713	188.72	1.0317e+05	6.9393	740.1
62.608	98.294	176.67	1.0411e+05	7.1403	706.01
94.449	98.019	215.08	1.0959e+05	7.1822	693.62
65.41	2.7416	169.5	1.0408e+05	7.1296	717.64
75.838	2.7067	168.79	1.0254e+05	7.1134	721.84
