90.812	23.228	159.88	93400	7.6472	477.4
60.648	41.767	208.7	88807	7.5992	469.34
30.164	79.831	4.4654	83284	7.3443	465.87
52.615	67.485	25.324	86640	7.541	461.9
45.533	89.424	39.621	68014	7.0432	456.05
87.294	90.157	3.7772	61981	6.7953	451.95
26.33	90.632	110.34	77662	7.3384	450.52
45.554	13.826	14.507	90313	7.7375	450.57
83.615	10.693	143.73	69223	7.165	447.64
59.331	84.227	70.963	77518	7.3513	446.96
57.547	54.077	36.432	71770	7.1997	447.06
60.351	55.306	145.73	75552	7.377	445.33
83.439	69.721	126.57	79689	7.4154	445.48
83.58	63.671	16.635	76428	7.3191	445.5
65.928	89.436	10.13	72920	7.2377	444.86
22.248	97.053	84.145	73308	7.2575	444.37
14.348	63.021	74.028	69678	7.1515	443.14
94.082	92.103	68.779	78955	7.4304	443.88
78.609	37.109	68.275	70750	7.2083	443.12
3.52	66.904	34.555	67288	7.0923	442.86
59.709	51.036	63.424	83031	7.5913	441.25
72.034	90.826	79.551	82742	7.5951	439.85
59.903	40.309	77.984	78749	7.4628	439
41.679	80.289	36.361	70399	7.182	439.29
65.098	60.828	33.873	66281	7.0299	439.65
54.228	79.936	22.93	67464	7.066	439.58
62.794	76.23	3.8971	68505	7.0136	439.44
86.508	57.712	89.184	80196	7.4947	437.76
65.139	66.17	21.909	73349	7.2103	438.45
90.814	78.777	8.3959	71379	7.208	437.63
86.966	64.951	4.5848	65037	6.9458	438.56
29.542	54.878	56.401	75978	7.3888	436.62
6.6111	75.4	41.176	71173	7.1882	436.59
52.584	76.839	35.677	69811	7.1351	436.05
89.655	68.254	86.9	72926	7.2573	434.61
40.954	96.349	4.2199	60332	6.8352	434.35
84.255	73.373	76.666	70926	7.2852	432.03
13.177	63.541	38.432	69954	7.2147	431.83
7.1822	72.367	13.236	69937	7.1891	431.49
15.333	78.067	219.39	71308	7.2665	429.88
34.421	95.492	85.958	77674	7.5111	430.51
50.644	73.305	12.833	67259	7.1126	430.94
63.309	57.472	10.907	71498	7.2444	431.11
81.723	62.976	184.68	73809	7.3581	429.16
81.566	56.815	145.38	77101	7.5254	428.72
5.8773	75.743	93.61	67665	7.1766	428.25
89.388	50.677	21.95	70890	7.2159	428.69
15.823	76.669	231.72	66104	7.1192	427.51
14.148	76.639	79.228	74101	7.4006	426.65
87.261	69.848	63.757	67071	7.1295	427.12
7.9534	95.467	218.98	66602	7.1928	424.41
22.053	70.168	176.8	76794	7.4972	424.74
35.924	84.644	111.63	70182	7.2284	425.19
17.678	31.288	92.724	60349	6.996	424.04
29.323	96.087	72.162	71953	7.3004	424.28
91.199	71.826	50.701	66373	7.0877	425.46
16.825	73.048	41.332	66043	7.1003	424.71
84.667	39.324	7.8492	63047	7.0228	424.16
66.847	94.702	186.67	71738	7.3218	422.89
83.313	58.215	159.27	73398	7.3722	422.77
90.804	38.031	55.901	70086	7.1952	422.1
55.371	87.323	33.254	76514	7.4144	422.28
29.218	74.074	18.095	78772	7.5064	422.54
57.511	83.239	10.367	68460	7.1886	423.67
81.593	49.188	9.9498	71166	7.2269	422.06
20.758	19.2	6.3159	78815	7.5303	423.78
36.057	19.81	239.22	68890	7.2339	420.91
52.869	39.861	53.105	67481	7.168	421.88
92.33	69.168	14.06	72799	7.3724	420.47
5.7319	93.722	231.43	59099	6.9695	419.47
41.728	58.326	129.24	68211	7.2562	418.86
89.277	54.781	104.37	75474	7.5053	418.54
33.622	73.953	60.766	75554	7.4276	418.58
67.015	47.68	53.831	67335	7.1859	418.58
88.463	68.33	27.913	69120	7.2235	418.67
25.024	83.81	17.95	82936	7.6987	420.06
15.713	96.494	209.36	69938	7.3627	418.28
47.803	41.628	203.99	69419	7.2943	416.57
50.762	44.041	124.61	65147	7.1612	416.71
12.732	82.596	97.296	63871	7.0922	418.03
64.074	20.41	85.159	66282	7.1944	416.91
53.352	81.581	59.87	63092	7.065	417.6
85.67	83.823	33.771	76917	7.5352	416.99
83.964	39.031	32.677	68587	7.1886	416.52
77	64.758	27.954	65435	7.0691	417.98
47.779	57.914	19.215	66087	7.2179	416.64
81.217	81.686	5.9274	66441	7.1102	417.71
17.04	24.034	187.48	74457	7.4475	415.38
69.169	57.693	181.38	67247	7.2366	415.41
87.35	58.878	173.43	67879	7.2174	416.33
36.866	64.758	95.793	78322	7.5314	416.08
51.666	63.206	38.091	65854	7.1041	415.49
7.732	89.291	36.92	57851	6.9068	415.3
70.695	50.711	11.036	67686	7.2264	415.93
8.4085	52.152	161.47	71023	7.3339	413.37
50.809	45.062	101.14	66596	7.1982	413.36
10.665	89.414	62.069	69851	7.2842	413.28
67.048	89.456	33.194	70419	7.31	413.44
6.1532	85.081	25.356	63306	7.1051	413.05
18.15	28.748	8.6336	67575	7.1778	414.43
8.7491	40.364	3.8234	47654	6.4292	414.27
7.551	65.72	240.43	62721	7.1246	411.31
90.604	48.062	178.75	65255	7.1585	412.01
5.9814	33.897	113.89	62824	7.0523	412
22.121	51.978	46.079	65456	7.1379	412.06
25.441	60.902	8.2407	69787	7.2841	411.73
52.918	95.926	219.32	74308	7.4793	409.34
52.662	54.125	198.06	66050	7.219	410.37
73.416	89.836	133.35	60588	7.042	409.95
36.985	55.733	115.96	75079	7.5266	409.46
41.951	7.2276	107.86	65531	7.2182	409.33
10.468	93.706	48.918	62788	7.0981	409.53
47.6	78.311	47.979	62490	7.0688	410.68
73.287	60.679	15.189	70935	7.3838	409.89
47.213	83.308	12.749	65596	7.1424	410.18
55.474	43.897	5.5234	69775	7.2982	410.35
20.609	84.039	4.7693	62125	7.0397	410.68
89.021	41.41	243.45	72025	7.5128	408.83
90.583	66.688	237.5	71755	7.4614	407.22
34.998	21.685	227.41	64158	7.2311	408.88
31.466	32.345	181.74	60470	7.0433	408.08
17.502	57.58	159.49	63435	7.1685	407.67
53.215	59.396	133.92	65618	7.1808	408.04
96.472	49.172	128.87	61739	7.1007	407.92
8.1045	95.001	83.442	65801	7.1751	408.28
41.259	5.8061	81.18	71256	7.3673	408.36
29.371	69.387	72.153	65096	7.1791	407.91
73.767	77.992	54.747	75005	7.543	407.2
88.801	61.699	54.332	63416	7.1093	407.7
36.951	5.773	52.062	64734	7.1502	407.98
79.317	59.093	49.284	63320	7.0987	408.86
30.659	46.172	41.941	64003	7.1662	408.21
64.124	84.058	21.923	69594	7.3159	408.56
81.173	93.648	16.936	62659	7.0908	407.67
33.404	64.482	15.407	63016	7.1011	407.27
94.795	10.571	7.592	64644	7.191	408.51
77.185	67.528	6.7297	63885	7.1186	408.29
69.759	86.708	234.28	58494	6.978	405.48
80.614	55.73	195.62	56755	6.957	406.77
3.0754	89.766	191.77	62247	7.0272	406.24
68.722	38.998	173.73	63803	7.1394	405.76
62.082	70.825	167.78	69246	7.3348	405.85
29.819	79.043	139.35	64555	7.1193	405.35
96.887	38.732	123.87	64216	7.1781	405.43
75.808	26.538	101.56	62740	7.0965	406.98
54.167	72.786	97.947	69132	7.3329	405.38
96.801	19.893	97.18	65231	7.2372	405.44
80.471	86.514	92.526	67065	7.2825	406.5
41.475	83.183	85.756	61246	7.0718	405.41
6.7972	68.819	82.505	71080	7.3915	405.68
61.239	94.449	73.72	65974	7.2338	405.63
20.254	7.5753	66.462	63908	7.1555	406.01
58.561	91.394	60.585	60242	7.0442	406.29
92.7	44.831	32.688	63503	7.1042	405.74
72.934	37.242	32.255	69930	7.327	405.83
15.293	20.477	18.853	64448	7.1431	406.09
8.4139	82.753	10.144	62367	7.0784	406.28
8.3381	92.921	7.1032	64894	7.1394	405.48
53.461	65.402	244.03	62290	7.1598	404.62
26.176	96.019	212.78	71180	7.3901	404.77
58.88	95.193	164.92	76612	7.6303	404.32
96.594	57.465	137.52	59530	7.0492	404.4
4.3633	61.744	132.79	60788	7.091	404.06
9.6875	90.03	117.41	63309	7.1543	405.04
34.012	75.143	103.07	64633	7.106	403.85
16.685	63.63	101.62	57703	6.9566	403.75
25.019	75.133	96.296	64903	7.235	403.88
7.1691	65.246	95.506	58850	6.9966	403.37
31.323	40.086	96.404	57141	6.955	404.69
60.215	69.842	72.728	67733	7.2827	403.67
5.5517	56.876	70.871	61270	7.0524	404.79
73.993	88.694	53.822	62606	7.1252	403.69
60.477	54.218	50.902	66344	7.2771	403.66
69.098	42.539	42.582	63079	7.1316	404.12
73.873	84.436	41.689	70589	7.3888	403.8
53.553	89.698	20.302	62810	7.1334	404.05
95.573	37.014	6.6199	64079	7.1352	404.1
38.726	51.577	245.31	58981	6.9987	401.88
69.36	86.285	220.49	63460	7.1616	401.71
44.935	34.913	156.6	77280	7.5465	402.02
14.998	21.337	151.84	69506	7.4069	401.75
43.956	75.364	145.21	71605	7.4705	402.15
22.711	71.343	140.8	65484	7.313	401.71
66.624	36.634	126.82	61960	7.1377	401.67
74.501	97.895	113.64	57881	6.9189	402.49
7.6914	62.44	109.1	60758	7.0483	401.69
3.4378	53.337	107.25	57872	6.9491	403.05
44.891	69.527	103.05	63236	7.1555	401.63
69.629	35.328	103.51	75387	7.5326	403.18
86.535	32.122	100.36	64566	7.1972	402.86
51.173	85.521	82.451	57407	6.9737	402.38
70.84	37.044	78.49	56858	6.9134	401.66
25.818	66.694	59.274	59682	7.0174	402.92
50.243	96.574	56.322	66874	7.3058	401.72
19.779	75.872	54.022	63259	7.1304	402.57
54.533	90.116	46.616	63971	7.1259	402.37
37.996	75.198	47.597	63070	7.1009	401.87
34.962	66.005	40.41	62208	7.0584	401.81
8.0602	94.597	20.8	63701	7.0996	402.03
89.453	28.125	5.1015	68281	7.2583	403.31
37.79	11.502	4.3241	55304	6.821	401.99
8.8471	58.959	203.27	71839	7.4113	399.76
55.242	41.9	194.17	59673	7.1088	400.31
14.958	57.135	136.06	62686	7.0784	400.37
53.19	56.286	109.27	63757	7.1999	399.81
74.915	15.863	98.319	67433	7.3144	400.1
5.6486	32.936	91.587	79310	7.6791	401.41
97.408	18.334	73.285	63548	7.1982	399.66
49.664	8.2318	68.603	64286	7.2351	400.34
9.2484	74.394	54.76	60466	7.0461	401.28
11.888	56.925	49.075	70388	7.3795	400.55
14.764	53.526	36.152	64673	7.1983	399.63
78.305	52.575	22.905	62159	7.0789	400.53
43.512	93.305	15.992	61434	7.0474	401.43
62.1	74.691	14.994	58249	6.8651	400.65
56.025	93.131	7.7948	61141	6.9993	400.75
8.6271	94.357	244.89	61151	7.1105	399.55
33.225	46.508	223.91	67292	7.3702	399.06
17.82	25.04	175.55	63003	7.1574	398.75
71.961	43.455	161.81	70204	7.4522	399
52.507	82.101	144.03	57057	6.9434	397.78
89.848	65.505	135.16	59779	7.0335	399.27
51.964	32.644	133.54	65563	7.2686	398.7
29.209	97.818	119.75	56095	6.9089	398.07
96.357	71.35	108.83	64629	7.2192	398.3
70.811	65.481	107.7	67713	7.3742	398.91
55.992	68.175	86.536	64222	7.1994	399.59
54.709	26.585	85.521	62038	7.0961	398.56
92.629	46.553	65.94	57645	6.9932	398.73
97.145	74.608	62.269	61740	7.133	399.34
98.298	65.08	56.255	52967	6.7255	398.01
87.728	49.629	53.401	65352	7.2304	399.58
28.512	72.006	47.826	65798	7.2024	398.29
58.359	80.295	46.895	64682	7.1704	399.53
25.652	62.325	46.071	67486	7.3094	398.54
50.229	98.331	42.691	53777	6.7894	398.84
69.778	71.724	31.845	64501	7.1576	398.65
22.657	78.243	29.995	67675	7.2748	399.53
43.396	61.745	30.733	60233	7.0471	399.04
6.6589	74.747	27.559	60900	7.1146	398.48
36.515	69.584	27.788	61779	7.0805	399.17
44.698	86.213	26.435	62581	7.0805	398.97
25.595	95.592	21.325	59490	7.0283	399.07
89.165	40.801	20.948	65014	7.1919	399.19
72.726	72.13	19.081	64397	7.1412	399.17
70.422	32.519	17.662	69984	7.4249	398.19
63.721	20.364	17.8	64942	7.302	398.85
71.161	57.378	3.6054	48585	6.7114	397.9
49.737	35.042	240.82	77997	7.6834	397.03
90.068	64.537	208.25	59704	7.0434	396.09
41.025	13.636	205.54	66118	7.3189	396.57
63.483	53.4	159.85	63769	7.2126	396.21
65.954	40.871	150.6	70895	7.4682	396.19
10.981	80.283	124.49	61034	7.0008	397.38
6.7532	58.498	84.81	61567	7.1669	396.37
73.949	84.838	66.83	73971	7.5484	397.09
97.197	33.356	66.486	61533	7.1276	397.66
44.573	76.372	61.262	60435	7.0912	395.91
17.674	60.017	62.346	60236	7.1164	397.28
63.175	79.719	34.193	61636	7.0665	397.46
79.293	61.839	237.17	65895	7.2858	395.12
39.867	52.355	233.42	56868	7.0279	395.21
35.636	63.827	233.02	57081	7.0245	395.57
43.497	69.342	208.83	61375	7.1383	395.38
4.3535	34.679	164.84	60109	7.1392	394.03
59.538	73.57	154.92	60993	7.0929	394.65
16.979	10.528	150.69	67065	7.3797	394.1
84.899	8.1761	130.4	66093	7.2967	394.48
25.74	90.029	122.68	61750	7.1277	394.66
50.946	81.78	118.3	66796	7.3225	394.95
9.9891	37.201	102.84	65375	7.3209	394.48
85.862	28.715	87.062	59475	7.0303	394.31
66.32	66.454	84.238	64059	7.2474	395.56
31.59	79.26	76.79	65694	7.3111	394.35
96.07	61.049	68.513	63671	7.1708	394.09
98.191	31.113	52.297	53612	6.8219	394.11
65.654	97.745	52.614	59940	7.0053	395.25
15.753	66.293	51.584	64898	7.2308	394.06
77.527	48.564	45.211	55556	6.9143	395.08
23.517	80.694	43.255	62926	7.1708	394.82
88.005	56.381	42.005	63552	7.1392	395.8
76.916	57.063	36.456	63200	7.1225	394.21
39.343	46.316	34.188	60886	7.1569	395.04
19.853	87.57	28.093	62469	7.125	395.16
40.067	57.04	10.727	64463	7.2218	394.95
4.3498	10.07	9.2314	63488	7.178	394.54
64.121	24.438	237.93	60352	7.135	392.15
94.296	95.292	234.55	72250	7.538	392.4
89.246	88.443	221.88	56930	6.9761	393.39
76.091	72.635	163.23	65771	7.3249	392.3
15.451	41.183	160.99	65823	7.2455	392.64
61.189	83.849	153.06	60863	7.1076	393.55
7.0233	83.285	152.53	60852	7.0621	393.87
25.793	21.823	148.1	62900	7.2131	393.08
94.439	47.771	142.81	66648	7.2732	393.59
60.214	27.938	130	61012	7.1314	393.09
75.711	80.152	111.39	69599	7.4277	392.23
55.871	25.175	99.878	71023	7.4908	393.19
74.21	33.02	90.365	68301	7.3165	392.94
72.84	72.598	78.279	63891	7.2184	392.15
68.701	4.283	76.826	65775	7.3456	393.08
59.428	22.674	72.748	61576	7.1467	392.26
66.881	8.0372	64.15	64117	7.2406	393.73
61.67	62.504	61.715	71368	7.4782	392.85
32.802	15.215	43.022	60757	7.0834	392.83
5.2802	50.177	41.012	61093	7.1412	392.8
27.161	29.53	30.869	58025	7.0412	392.96
95.937	85.969	27.711	66589	7.2692	392.92
15.974	49.513	23.571	60324	7.0818	394.01
69.748	3.9587	6.0035	61214	7.1087	393.32
75.808	91.396	4.9932	62626	7.0909	393.48
8.6231	83.61	237.85	62140	7.2166	390.74
51.639	14.426	202.04	60404	7.1176	391.3
83.381	45.207	188.65	58210	7.0736	390.42
78.03	76.179	177.21	63279	7.2624	390.64
62.469	77.048	141.31	70599	7.4499	391.11
24.235	89.754	136.99	61276	7.1801	390.43
58.883	94.747	129.69	70342	7.5019	391.69
29.227	71.583	129.45	66299	7.3739	391.87
68.6	61.115	120.12	69169	7.4356	391.9
95.958	61.326	111.75	68990	7.3686	392.08
78.392	8.737	108.42	59570	7.0679	392.01
63.44	30.196	80.317	57913	6.9959	390.6
3.2409	78.527	79.16	59963	7.0966	390.5
56.339	50.872	76.579	59310	7.0691	390.34
89.016	38.147	72.894	65113	7.2192	390.94
34.288	42.245	69.519	58682	7.004	391.83
81.07	42.187	56.855	63317	7.1509	390.64
62.885	64.657	47.102	64497	7.2137	390.67
31.09	33.834	42.559	60528	7.1022	391.79
58.666	33.589	40.976	59323	7.1041	392.02
36.737	23.985	22.629	60748	7.1269	392.11
39.874	76.05	13.354	64737	7.2165	390.4
28.85	70.115	5.1296	55707	6.891	390.54
14.016	75.727	244.76	57127	6.9968	388.55
87.613	87.015	234.73	56540	6.9951	389.76
32.87	34.939	219.86	57670	7.0103	389.2
8.8869	41.349	214.36	70587	7.5302	388.52
11.757	82.984	207.69	56899	7.046	389.89
30.128	33.324	205.66	61718	7.1804	388.7
21.168	6.5875	196.87	65697	7.4282	389.22
78.51	97.478	189.58	58380	7.026	389.99
73.015	11.316	190.34	54673	6.9255	389.12
39.875	14.492	181.32	62830	7.2523	388.42
7.0575	95.565	172.08	67672	7.4009	389.11
82.526	40.449	164.5	66628	7.3593	388.94
26.066	39.267	157.04	76246	7.6714	388.91
48.12	77.342	131.17	71496	7.5428	389.67
18.945	64.334	114.56	57386	6.9961	388.64
7.1167	72.41	105.85	62696	7.1574	389.48
26.071	20.8	101.82	65446	7.278	389.89
73.335	67.52	95.362	60016	7.1851	389.44
92.043	92.304	82.532	60494	7.1132	389.21
42.395	22.817	81.145	57303	7.0645	388.54
76.867	29.609	78.305	62304	7.243	389.42
42.571	17.341	68.439	63757	7.2538	388.88
9.3061	63.693	61.894	58492	7.0901	389.31
40.419	96.341	50.993	60735	7.1181	388.92
89.656	25.527	51.728	61421	7.1171	388.79
20.617	97.486	49.472	56815	6.9282	389.23
95.755	49.525	44.395	64925	7.2509	388.57
25.486	96.621	36.212	74731	7.5508	389.56
98.466	73.656	22.96	51054	6.7174	390.18
4.816	26.772	19.302	56938	6.9853	389.22
66.986	67.438	9.2332	63758	7.1907	389.31
23.465	49.471	8.2091	60139	7.1129	388.55
87.157	77.292	238.85	61544	7.2448	386.94
12.459	41.434	233.29	56466	7.0805	388.12
53.82	94.073	232.72	56922	7.0347	386.57
74.03	22.809	216.15	65708	7.3108	386.55
22.462	35.257	196.23	57658	7.0178	387.18
60.825	54.819	189.68	58510	7.1122	387.35
70.268	29.844	181.8	62310	7.2406	386.73
97.629	4.219	184.07	62187	7.2676	386.58
56.597	3.3361	180.28	57542	7.031	387.95
43.954	71.494	168.44	71255	7.5712	387.94
48.808	46.638	137	58609	7.0649	387.77
73.953	51.944	136.28	68218	7.3892	387.27
13.104	51.097	124.69	63301	7.2007	386.82
53.542	67.453	109.97	63617	7.2041	386.84
29.148	37.401	109.65	58915	7.072	387.91
27.852	30.464	99.086	58436	7.092	388.17
61.292	91.859	97.96	62706	7.2343	388.13
49.313	85.831	95.176	61960	7.1394	386.68
22.034	45.049	91.455	66898	7.3096	387.21
45.589	31.704	88.02	60837	7.1956	387.22
61.578	87.841	85.571	64465	7.301	386.85
30.173	43.21	83.319	64412	7.278	387.08
15.184	93.89	73.025	61919	7.1819	387.91
16.467	52.747	72.239	62059	7.1765	386.63
20.149	49.639	59.357	61465	7.1775	387.76
84.042	88.555	46.588	59996	7.0662	388.04
69.638	32.222	42.548	60832	7.1702	386.74
36.246	93.666	38.032	59791	7.1061	388.38
95.229	54.732	32.978	60998	7.0973	387.95
85.465	58.882	29.493	57449	7.0404	387
45.06	75.449	25.557	60263	7.0549	387.72
71.699	81.403	12.53	54512	6.8763	387.03
97.845	27.678	12.897	53367	6.8128	387.14
18.474	10.169	12.064	60150	7.1379	388.19
74.143	41.05	8.4911	59282	7.0238	387.78
36.317	64.024	245.13	55095	7.0135	385.02
5.2295	75.671	229.79	53078	6.9113	385.4
81.279	93.36	228.76	62948	7.2524	384.82
43.704	88.52	201.24	54668	7.0843	386.18
26.894	41.912	183.68	59868	7.1143	386.22
23.302	97.645	170.14	61680	7.1958	385.64
16.001	93.017	163.66	61390	7.1659	386.33
52.851	42.181	159.27	61285	7.2287	385.43
94.658	89.234	151.04	63488	7.2427	385.94
12.307	66.842	140.71	64806	7.2747	385.42
71.962	64.368	133.47	52930	6.8505	385.69
69.703	74.594	131.25	62253	7.2738	385.71
64.107	57.059	132.34	63320	7.2116	385.74
75.556	81.333	123.78	56775	7.0753	386.42
85.064	50.338	118.9	55557	6.9372	384.74
32.281	74.036	115.71	64332	7.2269	385.26
39.749	83.124	98.622	58309	7.0764	385.75
10.751	55.79	97.51	56088	6.9559	385.67
97.732	68.516	95.392	59977	7.0745	386.21
31.196	33.034	86.441	60710	7.1114	385.57
30.2	4.1969	84.405	62836	7.2478	385.61
66.367	48.861	76.919	55984	6.9731	385.23
30	7.1312	71.889	59473	7.0917	385.42
77.134	71.271	65.923	60263	7.1403	385.87
31.651	93.499	59.388	62641	7.248	385.75
91.81	82.892	58.634	58773	7.0441	385.71
45.188	87.917	53.262	60671	7.1243	384.91
59.361	45.828	43.974	60169	7.0802	385.67
43.186	59.678	43.468	60902	7.138	385.66
33.215	56.011	40.75	57315	6.9705	385.69
97.829	74.259	35.723	56904	6.9113	385.96
25.247	68.488	35.423	59796	7.0866	384.9
43.223	96.497	29.29	57239	7.0741	385.48
55.173	40.419	19.597	59126	7.099	386.02
11.102	37.539	15.098	63311	7.2169	384.98
43.656	40.062	11.816	67782	7.3593	385.21
91.693	46.442	10.11	61587	7.1668	385.2
48.629	62.174	6.9257	63761	7.2349	385.71
59.979	7.088	4.988	57965	7.0189	385.92
44.26	71.527	3.4772	48088	6.6592	385.26
31.825	83.33	245.72	58955	7.0785	384.55
97.652	82.149	222.59	57022	7.017	383.09
87.17	6.6681	218.56	55271	7.0279	382.86
42.742	97.332	207.26	70044	7.5047	384.24
88.257	98.054	200.9	49313	6.722	383.13
91.3	64.379	195.9	54013	6.992	383.73
69.436	80.631	197.06	58673	7.1916	382.9
17.193	44.459	192.93	62042	7.2052	383.71
93.849	67.913	123.01	61782	7.1422	384.11
28.893	63.639	120.46	66286	7.375	383.05
13.107	53.435	111.59	54615	6.9845	384.17
94.694	39.225	99.821	64801	7.3324	383.55
32.238	24.552	78.152	58240	7.0893	383.16
58.455	31.047	65.92	63045	7.2535	384.04
83.292	89.43	59.992	60303	7.1553	383.29
45.802	23.914	57.377	60215	7.1299	383.01
5.5511	65.47	48.127	60584	7.1548	384.35
17.733	88.663	41.614	57594	6.9881	383.88
82.49	64.677	39.235	59214	7.1063	383.49
4.4497	11.25	31.291	59389	7.1238	384.47
62.843	46.625	31.327	68552	7.4278	384.25
14.898	13.798	30.619	64135	7.2904	383.21
14.636	79.971	21.017	64250	7.2308	383.24
25.63	23.243	19.325	67137	7.3447	383.33
78.726	90.196	242.59	56261	7.0093	381.34
76.769	34.606	222.78	56858	7.0489	381.31
22.798	31.794	222.79	54209	7.0423	382.47
97.799	94.253	221.78	54981	6.9626	382.28
98.1	67.676	215.48	51929	6.8055	382.35
73.578	80.178	210.88	62691	7.3112	381.33
53.791	53.023	211.14	58995	7.1138	381.07
21.919	97.736	198.31	59221	7.1151	381.87
54.322	65.919	191.88	60700	7.1766	381.35
91.781	73.993	190.6	60727	7.2054	381.74
89.248	56.087	187.87	59577	7.1475	381.57
97.463	40.043	180.2	56425	6.9998	381.14
79.439	24.254	163.36	59395	7.1403	381.53
86.225	73.391	159.17	63561	7.2603	381.23
45.144	8.8382	157.7	56693	7.0617	382.07
52.902	26.536	156.23	57905	7.0709	382.38
84.769	7.008	155.82	62884	7.3043	381.13
49.233	19.134	148.08	54858	6.9438	382.26
20.371	81.222	144.3	58038	7.127	380.95
15.981	19.196	127.1	60392	7.1692	382.2
10.091	81.301	111.46	59369	7.0995	382.29
3.7991	8.2637	97.4	55976	7.07	382.44
23.422	95.018	96.963	61832	7.1856	381.42
81.503	73.598	89.684	57626	7.047	382.8
87.907	80.957	84.952	59270	7.0769	381.21
13.378	40.024	85.702	58175	7.1317	381.23
38.514	66.011	79.995	66273	7.3642	381.11
76.408	16.132	73.703	55092	7.0042	381.74
66.316	14.084	74.441	59852	7.2021	380.96
19.693	17.897	63.955	58148	7.1416	381.39
96.735	54.149	57.592	64438	7.2512	381.13
3.0695	57.209	57.465	55354	6.9566	381.39
14.81	19.898	42.221	68246	7.3997	382.47
93.15	65.564	40.076	58976	7.0444	381.77
86.833	74.384	38.676	58966	7.0434	381.74
29.039	86.261	33.691	60749	7.1327	381.91
14.811	30.114	23.63	57992	7.0641	381.45
36.243	4.7044	14.774	55327	6.9902	382.03
93.023	98.32	5.5431	47000	6.5545	381.38
17.693	95.201	3.9389	49618	6.6255	381.63
17.852	66.249	3.8091	39488	6.1731	381.18
84.299	25.016	242.47	59165	7.1755	380.84
29.279	81.632	230.37	56864	7.0969	379.67
28.691	83.055	220.28	52374	6.9185	379.68
18.215	6.3677	209.01	60316	7.1648	379.41
72.429	22.139	204.86	54402	6.9825	380.72
89.477	86.082	175.88	58021	7.1552	380.78
36.709	64.834	175.4	56872	7.0203	379.78
72.483	57.769	158.92	59110	7.1823	380.86
56.284	45.113	146.56	52516	6.9203	379.93
98.343	13.869	136.21	50228	6.8122	380.62
40.46	48.21	125.93	55343	7.0578	379.47
21.472	29.125	123.97	60569	7.1882	380.3
35.268	22.65	91.559	60982	7.1757	380.84
67.543	75.823	90.491	56338	7.024	380
19.247	15.952	90.33	57464	7.0812	380.09
57.198	47.785	89.785	60070	7.1482	379.24
98.192	12.397	86.067	52909	6.9131	379.42
28.478	86.196	68.846	62602	7.217	379.97
37.555	51.028	64.938	59215	7.1323	380.83
40.971	66.828	65.68	60168	7.1275	380.23
52.046	69.128	62.442	59450	7.122	380.84
70.06	67.937	56.817	59918	7.1287	379.73
53.571	29.797	52.97	59422	7.1353	379.42
16.293	34.471	49.54	62642	7.2422	380.74
27.247	89.753	46.573	60677	7.1865	379.36
7.4334	65.266	21.903	55919	7.0214	379.18
16.197	66.493	14.721	62840	7.2013	380.16
36.521	21.291	9.4598	57029	7.0308	379.27
84.374	16.296	246.32	51288	6.8449	378.15
61.285	52.767	245.37	52657	6.9137	377.39
38.345	31.847	245.47	61464	7.2758	378.61
62.622	6.4752	240.49	56915	7.0925	377.65
24.485	88.719	239.85	59733	7.2185	377.31
9.5847	60.188	217.29	56491	7.1088	377.55
90.207	50.337	213.88	64638	7.332	378.37
96.061	6.6068	209.3	56916	7.0886	377.31
23.135	17.627	207.76	54910	6.9722	377.95
39.054	3.8128	205.14	56792	7.0737	378.37
42.918	86.562	185.9	58288	7.1369	378.78
32.073	92.514	169.36	58476	7.1465	377.5
33.548	80.17	164.69	66023	7.3688	378.28
42.736	18.439	137.34	58720	7.1922	378.47
80.843	77.528	137.13	56294	7.0404	378.19
75.874	10.967	134.4	54878	6.9877	378.11
18.262	68.1	128.01	60653	7.1518	377.98
17.291	74.297	106.52	58081	7.0698	377.83
70.155	56.646	81.68	57499	7.0834	377.31
35.928	51.071	78.373	59234	7.1222	378.87
42.142	75.581	74.512	61526	7.1914	378.18
92.863	80.507	72.24	54504	6.9545	378.08
50.777	93.305	71.133	56293	6.9623	377.99
63.217	32.422	54.215	63163	7.2945	377.36
80.361	68.97	52.491	62314	7.1799	377.43
36.675	85.135	47.585	56859	6.9782	378.54
66.961	73.891	44.901	64011	7.2309	378.6
37.231	3.1958	38.862	53659	6.8563	377.27
32.231	76.21	36.596	59297	7.0957	377.37
60.026	69.091	35.5	57980	7.0436	378.33
78.993	20	31.849	59047	7.1313	377.29
80.454	74.882	28.255	56501	7.0047	377.63
16.164	59.626	24.841	58127	7.1164	377.34
3.6329	45.441	14.524	53710	6.9511	377.33
89.329	56.247	10.658	58810	7.117	377.76
52.162	33.083	9.8744	66715	7.3978	377.39
31.852	40.187	8.9302	75344	7.6381	379.05
23.476	78.836	243.56	50169	6.8791	376.63
75.094	39.956	243.63	65163	7.3893	376.32
77.134	13.499	226.61	54778	6.9581	375.41
31.905	87.239	191.07	53538	6.9449	376.13
54.303	16.794	190.34	57817	7.1578	375.85
86.498	36.426	144.94	56194	7.0572	376.74
32.514	17.284	137.76	64402	7.3143	375.97
66.847	9.2679	123.27	53081	6.91	376.01
33.639	33.788	121.88	59169	7.1594	375.79
51.427	94.89	101.8	59555	7.1647	376.6
61.627	52.503	101.16	56163	7.0667	375.51
16.726	61.263	88.015	59471	7.1453	376.83
74.459	23.639	88.687	52583	6.9589	376.68
97.716	77.194	86.104	55420	6.933	376.62
80.206	55.152	76.608	63482	7.2646	375.8
61.647	59.652	74.588	57299	7.0689	376.4
98.071	87.468	51.412	52249	6.8224	377.14
73.52	3.0118	42.97	52514	6.8129	376.61
84.928	97.069	40.393	57856	7.1044	375.9
9.0228	98.476	37.993	43432	6.4434	377.15
36.741	26.227	36.189	59026	7.1501	375.81
16.198	97.535	28.601	58287	7.0692	376.36
6.1089	47.23	28.059	57400	7.0347	376.29
68.225	54.353	23.649	59622	7.1413	377.04
93.863	60.552	21.478	59561	7.1081	376.35
39.978	53.225	23.154	59453	7.1923	377.06
98.13	46.51	22.047	46496	6.5013	377.01
36.822	85.497	12.969	56664	7.0274	375.43
56.97	65.785	13.229	56373	7.0071	375.85
8.4892	20.376	8.2431	55893	6.9612	375.47
51.187	79.048	3.2156	45693	6.6254	375.6
11.304	41.252	245.93	55134	6.9938	374.59
53.85	70.089	215.98	64984	7.3869	374.65
40.652	93.803	176.9	61750	7.3022	374.78
77.319	98.448	175.9	45388	6.6249	374.39
25.146	42.598	170.17	57187	7.0704	374.86
19.864	91.079	150	61675	7.23	375.04
82.634	46.267	142.18	62649	7.2725	374.61
21.376	80.352	130.64	52437	6.9102	374.95
33.45	26.34	130.62	49809	6.859	375.09
48.05	20.319	122.03	58723	7.1137	375.28
49.451	10.675	116.37	54466	7.0743	374.94
25.562	47.049	104.24	61520	7.2291	374.18
23.614	84.848	95.683	60307	7.2184	374.44
49.03	54.397	93.835	56935	7.0565	374.05
48.182	50.386	67.091	56751	7.0388	374.04
70.957	55.309	67.674	56752	7.0224	374.89
50.404	51.233	54.028	51987	6.9164	373.87
10.228	84.103	47.677	56985	7.0315	374.37
67.928	52.179	42.612	58136	7.072	374.33
87.328	4.2381	40.231	54235	7.0278	374.31
60.9	24.58	31.442	58558	7.1153	374.9
88.146	93.957	27.854	63399	7.298	375.24
58.955	58.181	24.028	58000	7.0338	374.22
33.078	51.121	13.796	56020	7.0373	375.24
28.904	28.86	8.0064	57737	7.0337	374.1
98.377	90.908	5.6417	47460	6.6872	374.88
36.442	64.333	3.7158	42800	6.4515	375.2
55.104	43.78	246.47	57938	7.0526	372.97
54.033	92.285	245.89	59894	7.198	371.85
3.6086	48.695	233.78	54631	7.1156	372
43.443	76.979	217.59	58877	7.1737	371.71
62.263	54.232	203.1	58969	7.1729	372.82
79.157	3.769	196.44	53364	7.03	373.17
24.053	18.489	195.4	56180	7.1035	373.03
44.649	70.414	194.44	56117	7.0744	371.69
9.551	57.726	189.86	51016	6.972	373.39
27.236	53.897	189.54	57493	7.0868	371.74
71.993	84.072	185.2	61180	7.2344	373.04
68.776	19.398	182.54	54971	7.0735	372.45
25.74	51.188	161.71	57659	7.1573	371.92
81.422	93.103	154.26	53771	6.987	373.32
97.178	38.068	147.78	55738	6.9998	373.17
88.352	73.892	145.84	58377	7.1831	372.63
59.533	49.035	126.11	54207	6.9968	371.63
11.412	97.731	126.19	56749	7.0353	372.53
47.279	30.935	121.46	59519	7.2022	372.22
45.766	72.457	114.89	53169	6.9988	372.08
82.826	29.638	112.8	57022	7.0971	373.33
90.252	14.318	111.04	58857	7.1376	372.65
36.802	24.006	105.62	60539	7.2065	373.23
89.189	63.741	99.622	59084	7.1842	372.62
15.444	71.519	92.866	58257	7.1523	372.51
22.872	53.364	83.767	59707	7.179	372.16
20.762	7.7864	80.825	55019	6.9897	372.61
20.931	44.567	78.476	56475	7.0725	372.75
84.544	21.876	75.506	57634	7.1332	373.03
86.713	55.627	65.565	58417	7.1521	373.22
3.2141	22.194	60.586	55295	6.941	372.02
71.507	38.438	54.772	58936	7.1804	371.86
92.846	81.357	45.754	54384	7.0869	372.21
16.147	69.539	28.356	55108	7.0009	371.88
51.465	7.7494	24.13	58237	7.1384	373.06
62.997	94.294	21.489	56787	7.0451	373.05
10.011	8.1204	20.729	61585	7.2277	372.87
24.29	54.775	19.78	53645	6.9734	372.92
82.67	4.2278	5.1118	56691	7.082	371.75
3.4289	75.218	243.33	48447	6.7406	370.78
96.077	50.274	225.58	56451	7.1795	371.27
52.639	35.516	226.83	57616	7.1828	369.88
89.605	54.872	200.99	58499	7.1723	369.99
63.564	10.421	184.83	60735	7.3065	370.81
8.1834	95.564	182.5	54310	7.1087	370.5
77.963	23.401	177.47	56509	7.0801	371
86.77	28.221	172.39	54458	7.0601	370.65
71.255	80.953	167.89	60458	7.2314	371.01
78.882	91.113	166.74	55601	7.0131	370.42
8.7399	8.6608	162.19	55715	7.105	370.31
36.816	63.207	160.82	57919	7.1522	369.95
80.267	49.155	154.83	54583	7.0179	369.97
83.107	21.534	148.22	56750	7.1071	370.33
95.897	33.213	135.51	58282	7.1377	371.49
61.955	66.751	131.57	55090	6.9429	370.35
80.716	35.234	131.02	68457	7.5156	370.03
41.029	6.3754	121.08	66874	7.4184	370.16
91.052	24.809	108.05	53952	6.9498	370.54
95.988	81.436	104.86	57002	7.1096	370.13
57.649	8.4147	99.154	53862	6.991	370.03
60.582	81.864	95.58	59853	7.1507	370.45
47.582	5.9614	95.416	61422	7.2422	370.78
69.93	87.574	93.86	57043	7.0607	370.28
24.548	24.334	88.452	57000	7.0798	370.57
81.388	15.818	86.228	62370	7.2931	369.78
97.553	62.419	82.482	56050	7.0679	371.08
14.436	79.391	65.408	53954	7.0062	371.44
36.888	17.986	56.705	56887	7.0634	369.84
13.465	47.129	49.551	58698	7.1389	371.49
65.015	88.699	46.355	59894	7.1422	370.47
72.573	65.368	43.038	62433	7.2045	371.45
53.311	25.42	40.326	55914	7.148	369.83
93.377	34.746	31.314	59043	7.1591	371.26
24.898	64.821	22.672	53097	6.9239	371.19
98.284	14.746	20.456	45280	6.5795	370.5
26.939	90.829	8.4844	56469	7.0423	369.89
11.649	3.4406	8.435	58250	7.1601	370.07
26.592	2.579	8.0713	46626	6.6891	370.49
98.315	59.221	240.96	45143	6.655	368.28
24.815	15.221	236.22	56616	7.0906	368.23
43.538	92.726	225.69	49217	6.7922	369.12
74.484	65.597	225.45	58490	7.2111	368.01
88.957	95.769	210.96	68137	7.6178	368.62
20.433	34.824	210.18	53322	7.0459	369.66
81.686	64.967	199.14	53057	6.9467	369.43
73.235	30.582	194.46	61316	7.313	369.65
86.414	38.835	177.33	54594	6.9844	369.04
94.111	70.962	168.15	60201	7.1917	368.94
92.163	41.923	167.14	59024	7.1954	368.23
70.875	8.2505	164.04	55225	7.1107	368.89
92.948	61.812	162.45	61043	7.1928	368.26
39	16.498	148.82	60437	7.2681	368.03
66.978	24.861	140.95	56636	7.1288	369.73
37.903	47.599	138.2	74000	7.6721	368.92
57.187	10.85	136.25	61178	7.2368	368.52
30.257	8.5129	120.28	61298	7.278	368.53
16.403	35.889	113.71	59905	7.1799	369.62
98.144	42.535	112.27	48205	6.7057	368.65
35.491	49.267	105.03	60165	7.2498	369.5
64.619	28.664	93.43	54247	7.0518	368.65
97.346	7.0816	71.897	63145	7.3391	369.02
41.833	93.045	64.043	62220	7.2572	368.81
87.282	19.588	63.128	57879	7.1473	368.5
32.612	44.53	56.45	56088	7.1324	368.94
46.671	13.321	56.72	59689	7.2119	369.03
79.431	32.372	55.533	54757	7.0546	369
39.743	50.626	50.596	56315	7.0787	368.92
54.58	70.493	46.584	54366	6.9931	368.66
86.66	43.816	44.913	61900	7.2785	369.11
73.285	47.636	32.637	56953	7.1098	368.95
10.529	2.9652	31.557	50360	6.7278	368.1
16.891	98.455	15.998	47831	6.68	368.2
16.305	88.95	15.225	57162	7.0314	368.23
83.367	98.422	241.17	46226	6.7783	366.39
19.062	32.736	236.26	55696	7.1041	367.1
15.086	91.716	234.71	57027	7.1378	366.71
85.538	17.153	233.63	54089	7.0438	366.16
53.348	67.575	229.1	56750	7.1839	366.66
79.467	24.172	229.7	54219	7.0627	366.4
14.088	13.771	229.85	55047	7.0505	367.16
3.6633	65.855	227.09	54986	7.0782	366.33
89.02	68.074	222.2	60340	7.1874	367.44
53.599	70.98	212.64	56354	7.1836	367.75
92.651	25.709	209.31	53894	7.0978	367.54
85.994	74.343	203.31	50762	6.84	367.77
73.87	71.715	200.28	51525	6.9305	366.5
63.572	63.228	197.59	54124	7.0172	366.09
58.831	93.544	196.89	50864	6.9185	367.09
92.798	47.395	192.17	62085	7.3001	366.05
18.616	60.218	173.07	55286	7.0662	366.71
41.021	29.176	168.33	59114	7.1573	366.06
43.3	8.7257	169.14	50027	6.9346	367.29
92.363	51.781	165.26	53782	7.0029	366.26
36.98	44.005	161.67	55050	7.0207	366.89
26.214	4.5092	158.06	65919	7.5175	366.86
56.56	93.472	152.02	53805	7.1043	367.24
71.957	90.555	146.86	57449	7.1354	367.04
92.975	27.785	147.86	57677	7.1163	366.34
27.523	97.971	145.57	51795	6.8745	366.28
81.509	60.122	131.37	54628	7.013	366.81
75.367	53.645	123.46	52780	7.0026	367.24
26.895	68.089	107.03	57273	7.0987	366.49
85.282	42.328	95.578	57509	7.1281	366.39
61.26	10.649	85.45	55211	7.0571	366.3
93.95	70.16	74.43	54926	7.0343	367.4
62.963	40.431	64.691	51250	6.8554	367.3
13.445	98.325	62.093	45221	6.6171	367.63
9.4717	32.531	60.902	61658	7.2915	367.4
52.707	61.754	52.789	51230	6.8964	367.54
96.373	17.726	48.116	55594	7.0664	366.67
97.62	2.9085	36.814	48348	6.6674	366.96
53.998	97.513	29.535	59014	7.0933	367.86
24.703	13.167	22.845	54453	6.9594	366.93
79.406	42.429	20.708	52801	6.9464	367.1
24.102	33.422	18.846	56453	7.1025	367.27
39.393	30.95	9.5326	57631	7.1318	367.01
23.27	17.499	222.07	56604	7.1401	365.64
59.34	4.075	217.58	52779	6.9802	365.69
79.172	3.9384	207.32	54305	7.0386	365.56
94.471	9.533	197.43	55334	7.0605	364.23
16.918	54.56	197.1	56292	7.1336	364.26
60.39	75.227	191.13	57424	7.1567	365.87
17.785	52.861	183.9	58567	7.2743	364.4
9.4179	54.868	174.81	55966	7.1608	364.41
32.471	35.742	168.5	53057	7.0407	365.73
88.886	89.399	163.98	57801	7.2382	364.73
29.839	88.532	155.74	50079	6.9064	364.96
61.621	66.211	145.18	50918	6.9059	365.6
11.61	86.73	140.7	51840	6.9833	365.18
3.8641	30.041	139.85	68258	7.4722	365.07
23.498	47.612	128.14	54771	7.0425	364.27
36.468	16.412	125.62	56137	7.1543	364.45
86.444	5.8768	117.14	53310	6.9871	365.08
52.183	93.574	115.02	56937	7.1003	365.15
85.404	77.313	115.55	53196	6.9794	365.03
36.982	66.137	109.61	57414	7.1173	364.32
97.459	2.8022	107.83	48744	6.7287	365.25
90.936	94.525	55.065	49366	6.8869	364.56
5.4037	37.162	48.949	65475	7.4277	364.57
44.212	21.283	43.837	56310	7.0172	364.16
80.144	12.088	41.002	63575	7.4036	364.64
13.365	29.924	37.212	63193	7.3364	364.81
24.239	57.562	34.005	53678	6.9443	364.99
85.966	27.522	31.911	56395	7.0896	364.74
32.798	60.341	28.345	51734	6.9155	365.44
35.625	91.209	25.058	55957	7.0579	365.11
47.642	88.442	3.2325	39190	6.2957	365.65
78.597	81.395	232.34	53064	7.0227	363.62
57.538	2.9811	229.31	48579	6.7586	363.09
87.192	18.246	220.7	55787	7.142	362.7
7.7637	70.7	215.62	50280	7.0094	362.52
61.616	12.245	208.06	54786	7.0626	362.41
80.596	55.439	207.28	53666	7.079	362.28
55.076	5.7954	192.66	55020	7.0673	363.58
88.715	92.86	187	57124	7.157	362.98
54.204	82.775	180.47	52493	6.9951	363.48
21.609	3.6822	181.79	55454	7.1166	362.7
66.724	60.628	169.9	53478	7.1006	362.93
97.682	47.726	155.1	50771	6.8991	362.66
36.347	26.128	144.05	50010	6.8472	363.87
97.786	92.166	138.91	54074	7.0314	363.21
85.489	27.566	136.94	55256	7.0733	362.73
56.69	41.719	134.86	56952	7.1408	362.31
21.285	35.081	133.31	60588	7.2822	362.32
80.034	45.545	129.17	56667	7.1882	363.16
14.699	41.529	125.95	56998	7.1559	363.85
22.328	74.747	117.95	55272	7.088	362.42
3.558	75.308	117.83	52683	6.9696	362.28
89.873	86.033	115.36	58812	7.2511	362.51
75.984	45.618	115.76	58478	7.1445	362.99
65.822	41.469	114.25	52514	6.9576	363.38
23.222	55.392	111.02	50078	6.8805	362.73
81.462	19.587	108.73	52612	6.9615	363.45
42.031	57.583	104.34	54619	7.0001	363.62
54.535	62.887	97.965	61632	7.299	363.36
91.228	97.38	94.934	56584	7.1533	362.3
77.079	5.9036	94.664	59420	7.2085	362.47
31.562	80.298	89.584	53948	7.1138	363.44
15.886	88.485	86.726	52377	6.9844	362.45
91.49	37.572	86.2	55012	7.0668	363.47
86.867	12.388	73.526	55126	7.0813	362.54
72.52	45.284	67.095	51481	6.9216	362.5
44.535	67.95	52.114	56693	7.148	362.69
39.067	40.496	46.423	61694	7.3002	363.01
44.349	70.607	38.077	53974	6.9671	363.42
11.7	40.705	37.583	59435	7.2202	362.74
17.31	39.506	26.687	54696	7.0369	362.43
6.3247	36.019	27.136	58084	7.1562	363.58
77.076	14.412	20.466	61131	7.3283	362.37
82.634	74.427	15.114	51373	6.9168	363.84
6.6482	69.878	3.2681	35445	6.2758	363.94
87.592	89.182	246.8	44913	6.6674	360.64
46.602	17.653	241.53	51396	6.9933	360.65
25.075	98.206	236.52	51076	6.79	360.67
44.468	91.758	237.79	53501	7.0358	361.39
97.536	84.2	235.02	48815	6.8307	360.46
87.346	78.641	227.37	53783	7.1022	361.09
35.612	98.471	229.12	40879	6.4815	360.42
29.829	43.18	209.89	51608	6.9757	360.67
9.2585	29.176	196.46	59119	7.2302	360.81
21.565	87.945	189.24	52813	7.0331	361.16
19.308	98.457	185.79	46182	6.6974	362.02
91.595	66.495	183.07	51218	7.0089	362.09
96.112	31.807	170.02	55935	7.1101	361.15
80.622	67.479	140.3	52090	7.0295	360.57
15.254	47.148	137.02	59461	7.2274	362.22
34.797	35.218	136.25	53106	7.0584	361.41
5.6362	2.8749	136.51	50449	6.9469	360.52
86.43	17.704	133.71	54022	7.0752	360.59
92.712	75.647	132.36	55540	7.1339	360.52
12.24	5.4701	126.21	56484	7.1153	360.99
31.661	80.879	126.67	50815	6.9076	361.09
36.665	89.708	123.47	50959	7.0054	361.77
57.885	59.319	120.92	55941	7.1473	361.22
86.891	67.349	112.94	53955	7.0699	361.05
84.377	82.954	103.84	67175	7.5262	362.23
64.306	15.679	97.338	51739	6.9486	360.64
46.107	50.423	80.92	59310	7.2114	360.42
8.9026	86.251	74.93	56667	7.0734	361.08
82.18	46.727	69.578	55689	7.0684	361.3
3.2885	40.018	65.791	49141	6.7997	360.57
78.278	60.746	62.569	53444	6.9873	361
11.917	3.4438	55.759	53034	6.9859	360.91
77.073	74.716	41.365	55837	7.0355	360.59
87.505	18.661	40.142	59355	7.3315	360.41
94.37	12.033	35.451	52149	6.9387	361.55
12.921	81.471	34.13	55271	7.0494	360.57
9.353	21.972	30.61	57399	7.1267	361.33
76.681	7.2114	30.124	54629	7.0716	361.84
36.072	80.551	25.047	55907	7.0635	361.84
25.206	44.565	20.028	56506	7.0808	360.64
5.0795	16.822	19.739	52958	6.9305	360.88
7.1263	62.422	9.3765	56452	7.1864	360.63
40.794	80.58	3.5108	44220	6.6505	361.72
69.305	88.897	246.48	50696	6.9138	358.66
22.944	52.116	245.46	48012	6.7174	359.89
20.057	42.869	242.95	48290	6.8311	360.39
43.344	69.314	240.15	53080	7.1076	358.86
88.577	57.359	239.76	54231	7.1507	359.48
3.7732	80.895	216.94	58477	7.2244	358.82
19.537	44.47	208.18	46902	6.8204	359.61
27.907	78.481	195.56	52734	6.9958	360.36
35.152	46.675	188.9	54252	7.0553	358.9
71.242	73.8	188.06	52146	7.0581	359.36
55.895	71.849	178.74	58653	7.2007	360.09
7.8267	77.023	176.38	59132	7.2509	360.03
27.015	52.542	174.77	53857	7.052	359.22
45.33	50.21	164.35	56163	7.1106	360.17
58.671	12.08	160.44	55642	7.1059	360.27
18.377	73.652	153.24	60185	7.3243	358.79
8.0414	35.389	151.28	54790	7.1111	359.27
56.709	26.903	143.07	54134	7.0819	358.79
97.662	70.137	141.22	48873	6.7249	359.95
40.769	85.209	135.32	59781	7.2279	359.64
44.509	67.119	135.34	51553	6.9772	359.58
11.069	61.075	121.7	51893	6.9514	359.75
96.629	78.086	119.33	59110	7.2283	359.18
38.941	25.351	118.97	57546	7.1981	359.97
84.657	39.938	119.32	64843	7.475	359.04
56.606	35.868	120.29	63944	7.4086	358.72
14.628	4.7039	112.57	53593	7.0943	360.01
92.041	34.973	112.68	57128	7.1577	359.55
62.552	95.058	110.98	54894	7.0892	358.62
36.687	94.645	108.28	52890	7.0215	359.04
56.577	33.941	107.02	57285	7.1204	360
8.4913	27.552	104.24	54559	7.1157	358.58
38.484	32.252	97.727	49866	6.994	358.61
65.581	38.831	89.995	53804	7.0036	360.27
49.131	41.388	87.076	58823	7.2115	360.28
59.012	78.509	83.113	52317	7.006	359.56
3.3281	48.65	82.389	54517	7.0111	360.16
44.918	41.138	74.43	53898	7.0599	359.43
3.1018	29.507	70.803	53104	7.0431	359.74
45.529	84.359	70.084	55683	7.1047	359.98
39.233	6.8755	66.605	50015	6.8683	359.24
69.604	32.719	65.629	52220	6.9626	359.54
83.289	49.47	33.807	55776	7.081	358.65
20.645	4.7938	31.956	50779	6.8961	359.7
91.563	19.706	13.486	51835	6.9552	359.51
79.617	29.897	9.6697	57266	7.1506	359.12
75.646	12.925	8.2431	53688	7.0387	359.96
73.176	76.571	3.0086	36276	6.1652	360.29
65.208	73.226	246	57194	7.1853	356.98
30.826	39.159	242.6	59042	7.2333	357.45
56.144	74.324	240.51	50884	7.0875	356.94
65.58	76.116	234.43	54605	7.2033	357.79
64.914	49.404	231.15	63782	7.4894	357.97
93.644	41.158	230.22	53028	7.1149	357.75
17.691	94.96	221.94	53205	7.0023	357.81
98.089	42.062	217.77	48802	6.7439	358.51
96.588	16.549	215.96	52646	7.0575	357.31
23.381	78.737	208.87	55229	7.1437	357.14
4.3079	70.325	205.76	48828	6.9336	357.52
26.205	54.116	204.45	57530	7.1305	357.01
46.085	24.012	204.49	65995	7.4899	357.22
11.655	36.812	188.71	53831	7.0872	357.88
45.638	56.66	187.22	62239	7.4291	357.69
8.1569	27.915	184.12	55181	7.1676	357.16
16.969	43.209	180.37	54153	7.0926	358.05
35.451	75.804	177.4	57201	7.1941	356.82
3.6756	36.34	177.15	46849	6.879	357.04
43.207	39.048	171.02	53637	7.0338	356.86
9.3427	84.951	167.28	61648	7.3898	357.32
68.831	89.304	160.98	50547	6.9632	357.72
39.172	97.295	153.1	50480	6.9711	356.8
81.048	87.159	142.74	57308	7.1881	357.09
74.977	31.627	142.07	54681	7.0468	357.15
52.777	19.408	134.65	52186	6.9468	357.32
26.18	62.233	133.91	57682	7.2272	358.41
30.519	96.024	131.95	60421	7.3291	356.77
15.827	89.256	128.69	58633	7.2022	358.07
68.48	46.684	126.49	55575	7.1097	358.29
59.354	76.266	126.33	55118	7.1955	357.41
94.357	51.609	115.91	48666	6.8529	356.84
20.781	20.462	115.46	59947	7.3319	358.22
21.75	11.557	107.96	52104	7.0208	356.97
6.5186	89.543	105.39	52979	7.0406	356.72
79.498	48.636	103.52	56348	7.2031	356.68
11.417	95.645	95.415	51487	6.9571	357.55
77.438	52.499	91.325	55312	7.0976	357.37
40.354	48.789	92.584	57270	7.1817	358.39
53.528	95.266	88.861	51211	7.0115	357.12
75.567	45.949	80.574	55333	7.0606	357.01
92.803	27.943	76.403	54466	7.0516	357.62
39.22	98.298	75.137	41778	6.5461	357.55
10.935	44.545	73.043	56346	7.0867	358.08
63.611	83.383	59.268	48914	6.8903	356.69
10.439	50.198	61.217	55821	7.1037	357.47
30.731	98.061	47.773	47861	6.7333	358.03
59.263	16.546	39.539	57232	7.1861	358.06
93.191	90.639	39.305	59033	7.2699	356.83
13.692	47.344	10.107	50919	6.93	357.46
97.161	62.176	4.8286	55655	7.077	357.9
19.562	62.457	247.24	47473	6.7968	356.18
62.424	95.138	226.7	52816	7.1242	355.6
38.412	84.267	226.17	53283	7.1561	355.37
79.666	83.842	221.45	51999	7.0793	356.1
19.751	42.238	219.4	47241	6.7874	355.13
63.591	52.062	217.28	50231	6.8876	355.1
68.121	35.361	214.84	55504	7.1919	356.26
54.115	20.739	213.17	57558	7.2194	356.48
44.317	87.302	211.74	54267	7.1343	355.98
44.161	78.867	205.29	53151	7.0851	356.16
57.282	22.033	202.25	53722	7.018	355.8
44.768	60.974	201.33	53793	7.1355	355.16
11.767	38.276	200.67	54881	7.2158	355.33
45.375	45.607	191.39	55685	7.2143	355.01
81.352	73.53	189.79	49799	6.9475	354.92
78.487	52.902	181.3	49804	6.9508	356.26
71.119	7.6299	175.12	59208	7.3044	354.88
5.7992	62.307	166.93	53477	7.0324	356.39
10.903	74.093	164.84	68780	7.5511	355.41
95.435	70.589	155.55	53920	7.1581	355.43
88.825	43.711	153.93	54095	7.1242	355.72
5.5344	51.691	138.25	53963	7.0509	356.35
4.0352	24.615	126.79	53518	7.1202	355.61
57.208	14.647	123.95	55813	7.1995	355.41
31.994	9.3347	106.61	51969	6.9239	356.66
79.454	38.897	106.49	53287	7.0223	355.91
68.438	6.2327	103.9	50529	7.0081	356.38
40.937	40.826	102.44	58341	7.2203	356.39
79.157	60.768	101.35	61966	7.3599	355.09
56.302	34.722	94.66	50200	6.885	354.92
12.427	34.302	73.73	55172	7.0872	356.16
37.473	36.077	58.998	52006	7.0036	355.48
95.041	26.491	39.719	57342	7.1786	356.56
80.221	82.824	19.297	57808	7.1784	354.89
43.729	66.365	18.111	54810	7.1185	355.78
20.695	39.577	8.1638	55514	7.0472	354.88
64.404	41.702	243.82	56550	7.2535	354.31
70.147	49.941	243.33	55904	7.1402	353.81
15.508	13.103	242.87	49969	7.0196	353.97
2.5217	39.565	239.3	42247	6.5941	353.64
70.196	13.195	238.58	59015	7.3218	353.75
46.188	44.002	229.84	48231	6.82	354.14
71.051	49.634	207.53	53021	7.0696	353.61
94.196	29.786	199.02	58006	7.254	353.37
73.153	89.653	197.07	54434	7.1134	354.21
65.646	6.2128	197.82	56334	7.2323	353.39
38.256	8.9736	193.23	63534	7.4782	353.84
6.6054	20.161	192.24	62347	7.3613	354.46
72.431	39.237	186.33	54975	7.1438	353.34
56.211	32.099	182.59	48516	6.8562	354.69
81.571	13.571	181.5	58258	7.2614	354.16
3.4053	61.949	180.22	53252	7.0632	353.12
21.221	15.533	174.73	48351	6.9626	353.86
77.121	59.794	171.28	51127	6.9916	353.98
40.467	88.104	159.99	59988	7.3398	353
10.589	55.805	148.66	54287	7.0834	352.97
53.866	36.19	146.48	55576	7.1633	354.26
77.152	7.0917	121.01	53507	6.9889	354.19
84.623	97.775	118.53	48523	6.8322	354.39
47.215	24.104	109.17	58561	7.2342	353.41
86.657	3.2357	104.19	49039	6.8227	353.91
8.9129	20.551	92.871	53026	7.039	353.42
7.1181	72.706	68.756	53792	7.0335	353.8
24.492	41.531	64.513	53374	7.0597	354.74
56.844	5.7102	59.429	52136	7.0788	353.62
84.075	78.803	51.239	50125	6.8994	353.38
78.21	37.959	44.649	57096	7.1154	353.34
98.805	64.662	30.767	36656	6.3427	354.17
89.797	30.419	19.317	55926	7.0853	353.65
25.07	10.556	246.7	48608	6.9307	351.7
98.364	73.414	244.32	41771	6.5664	351.98
27.845	61.265	240.06	57997	7.2138	351.4
31.269	48.398	236.81	57383	7.2172	351.4
63.046	66.797	236	53474	7.0847	351.9
95.352	49.224	237.05	51743	7.0394	352.31
60.147	14.486	221.33	53128	7.0503	352.17
73.149	56.541	218.05	53863	7.1936	351.93
44.331	50.734	217.68	55327	7.2253	351.5
85.272	84.218	210.04	52031	7.0549	351.6
72.884	62.497	203.64	53317	7.1238	351.31
31.155	12.944	202.74	59074	7.3172	351.69
78.337	98.391	202.57	43471	6.6746	351.41
46.542	35.733	192.87	53145	7.1378	351.7
46.448	67.159	181.26	53156	7.1946	352.15
97.464	94.51	177.47	56164	7.204	351.11
44.71	57.924	172.9	47034	6.8659	352.56
19.997	67.756	164.49	55194	7.1297	351.47
90.701	34.381	157.22	52012	7.0965	352.87
91.454	54.014	152.52	50086	6.9331	351.16
88.194	94.336	142.42	54892	7.1435	351.57
32.566	69.447	141.25	51857	7.0558	352.49
15.82	95.781	138.97	59484	7.3006	351.72
10.567	20.694	138.6	54608	7.1665	351.37
23.194	25.157	135.44	52511	7.0651	351.09
12.561	30.656	129.67	48412	6.8468	352.78
73.394	17.994	124.39	50616	6.9402	351.18
58.838	16.762	110.62	54874	7.1077	351.7
70.917	15.595	111.75	54603	7.0993	352.11
4.6963	7.2982	109.97	56886	7.2178	352.91
76.369	89.341	104.04	51656	7.065	351.07
85.15	22.19	96.527	57935	7.2102	352.29
30.313	50.955	93.499	56160	7.1686	351.35
46.272	66.654	89.934	53140	7.0599	351.5
60.689	57.447	88.558	46954	6.897	351.35
44.054	93.077	83.794	49221	6.8292	351.19
95.26	45.119	79.013	56412	7.1586	352.19
79.828	6.1351	79.703	48325	6.864	351.96
58.945	7.1935	71.92	55929	7.1834	352.13
78.073	24.625	64.657	52134	6.9778	352.4
89.559	5.6942	62.894	55567	7.1643	351.14
61.639	23.363	60.074	51321	7.0599	352.04
44.277	42.772	58.699	51097	7.0051	352.23
3.0856	98.145	56.46	43227	6.469	352.66
87.833	33.733	43.346	49909	6.8961	352.76
46.502	53.286	34.489	51213	6.9923	352.92
45.814	24.518	29.677	53915	7.0591	351.58
43.983	33.248	21.611	56152	7.1176	351.56
52.335	98.708	16.34	35639	6.2372	352.1
7.9354	30.863	5.2668	57116	7.1443	351.33
35.469	91.447	246.68	41369	6.6111	350.74
92.814	21.358	241.66	54784	7.2011	350.6
55.895	43.327	236.49	51072	7.0757	350.1
62.87	94.537	237.19	50451	7.0044	350.37
4.8265	27.01	229.58	57785	7.2577	349.89
50.65	16.994	226.89	53739	7.184	349.33
50.65	85.2	225.15	47332	6.8813	349.93
95.727	16.875	227.98	57912	7.3294	350.96
59.493	87.397	217.47	47495	6.9338	350.18
50.6	10.715	215.7	49961	6.8895	349.6
82.623	75.331	215.72	51430	7.0411	350.14
8.8245	47.599	184.94	48533	6.8618	349.57
59.815	91.308	176.64	54492	7.1641	350.78
58.177	22.814	178.14	52459	7.0498	350.16
98.077	60.814	173.72	45872	6.633	350.74
70.606	52.293	171.53	58131	7.3149	349.71
35.335	53.625	166.8	52648	7.0395	350.33
22.197	76.617	164.77	54966	7.1865	350.07
98.1	61.022	150.49	45472	6.6216	349.29
92.819	18.513	145.06	53133	7.1049	350.24
3.4394	81.304	139.43	52719	7.0114	350.12
19.397	17.074	138.79	50973	7.0474	349.2
11.602	9.2976	138.61	50238	6.9982	350.01
42.829	28.569	132.28	52091	7.0059	350.06
6.7565	71.275	129.06	56094	7.1288	349.59
3.2275	34.659	127.6	49234	6.8864	349.58
64.304	50.99	114.26	54846	7.1292	350.38
55.319	45.981	113.58	50792	6.9872	350.49
25.355	2.8425	112.5	45873	6.7459	349.59
25.886	79.477	107.55	52116	7.0213	350.88
49.619	14.722	103.45	48994	6.9384	350.14
69.42	46.819	103.66	51532	7.0072	350.58
22.97	6.8591	94.557	55241	7.1292	350.05
2.6161	24.56	84.167	45526	6.8161	349.35
51.68	7.285	82.156	58521	7.2705	349.23
3.3802	38.344	78.026	48486	6.9231	349.27
21.937	25.297	75.072	54909	7.0956	350.78
49.081	25.801	70.155	49224	6.8939	350.94
32.154	17.227	68.668	57556	7.2234	350.78
37.1	25.932	65.361	58016	7.2537	350.27
27.921	81.3	55.61	53463	7.0755	350.33
71.354	25.945	54.394	51938	7.0525	349.37
96.002	39.319	43.985	53116	7.0189	350.15
10.453	10.614	42.723	52873	7.0622	349.91
39.03	16.645	32.542	52815	7.0369	350.93
69.101	17.298	31.015	49617	6.9182	349.52
71.781	89.79	20.967	55218	7.1965	350.89
95.616	95.444	17.704	56464	7.1814	350.39
48	49.774	10.495	54599	7.1436	349.56
63.902	16.913	5.3615	56797	7.1797	349.81
54.726	68.638	2.9143	32867	6.1238	349.83
26.779	29.453	244.69	49712	7.0363	348.72
68.658	59.011	240.61	50312	6.9903	348.58
60.065	15	233.14	49270	6.9226	347.57
65.359	7.7939	228.64	53450	7.1867	347.96
19.78	86.853	215.65	49725	6.928	348.82
19.003	66.648	216.68	54509	7.0917	348.93
65.082	16.021	195.23	53178	7.0594	347.98
69.609	24.618	168.35	61074	7.3325	347.77
50.86	26.059	168.5	47680	6.8697	347.98
15.383	17.568	162.83	53378	7.081	348.28
32.948	19.943	160.37	53605	7.1579	348.17
44.654	56.245	141.37	50202	7.0182	347.51
76.411	21.533	136.74	50095	6.9619	348.26
40.948	94.485	135.66	52285	7.0805	348.17
25.189	8.7408	132.63	52517	7.0865	347.53
88.83	31.563	124.85	52416	7.0737	347.55
27.954	27.742	111.22	52081	7.0564	349.04
41.698	93.18	96.375	52463	7.0383	348.47
97.774	58.497	95.479	49500	6.9235	348.44
86.521	63.227	75.198	53869	7.0833	347.37
16.615	70.139	64.411	45994	6.7819	349.19
21.895	94.015	62.333	52266	6.9638	347.65
35.22	63.722	54.421	49946	6.9008	347.77
19.349	85.841	53.659	50944	6.9823	348.69
23.389	42.585	51.25	52118	7.071	348.86
96.488	6.2664	49.841	54573	7.1524	348.76
16.189	2.5929	43.312	42650	6.6448	349.11
21.107	36.598	37.969	47292	6.8128	348.42
49.548	13.904	34.198	46625	6.7817	349.13
68.983	42.658	20.831	60194	7.2988	348.6
7.4654	54.192	18.481	53515	7.1397	347.88
98.562	37.468	241.46	39706	6.6616	347.2
74.987	52.765	230.16	55931	7.2325	346.23
43.669	67.898	221.75	48686	6.9188	345.59
92.118	76.264	213.4	49935	6.9608	346.5
16.435	54.631	210.21	53576	7.1166	346.16
67.711	97.511	199.21	42631	6.7031	346.58
90.106	20.388	197.88	58346	7.3054	345.66
63.934	45.563	196.39	50540	7.0593	346.14
37.918	24.508	180.36	51065	7.055	346.78
29.63	93.992	180.68	57690	7.2633	345.79
61.041	52.568	176.44	49258	7.0104	346.53
7.9752	45.266	171.97	50840	6.9807	347.27
54.218	56.207	166.25	55612	7.171	345.57
62.97	25.78	152.91	53900	7.0752	345.88
69.77	50.521	149.03	56060	7.1762	346.96
44.452	9.0264	142.39	48504	6.9159	347.08
91.426	84.682	139.43	53844	7.1195	346.38
93.517	89.971	127.45	53771	7.1475	346.81
38.78	67.489	123.06	50222	7.07	346.23
50.018	54.119	121.94	50395	6.9569	347.01
2.6955	5.6857	122.71	43757	6.7254	346.58
2.8454	64.575	120.98	41067	6.5166	346.45
2.874	24.362	114.17	42504	6.5961	346.03
48.155	79.641	106.63	51002	7.0601	347.25
70.549	97.565	99.027	51839	7.0612	346.78
78.386	82.187	79.682	48696	6.93	346.43
48.848	67.505	75.857	54074	7.1088	346.84
69.913	65.526	70.596	51401	7.0212	346.56
3.6042	94.688	69.36	50904	6.9729	346.47
80.034	3.4904	67.044	51024	6.9732	345.89
83.432	79.329	64.494	47415	6.8248	346.48
3.6959	81.639	63.626	52693	7.043	346.12
97.116	23.746	61.689	52502	7.102	345.93
35.937	43.553	21.378	53528	7.1242	346.93
20.314	75.221	10.845	49198	6.8612	346.29
54.538	54.174	3.665	49908	6.9171	346.55
51.362	54.576	247.45	37830	6.3689	344.8
46.94	58.367	228.06	54805	7.1412	343.68
59.945	85.941	228.37	47595	6.8466	343.7
63.603	69.066	224.28	50555	7.0402	344.46
71.604	70.185	213.35	55436	7.2608	345.31
24.081	87.452	200.85	51540	7.0881	345.42
20.877	33.245	181.46	46656	6.8235	343.74
80.395	89.421	179.28	48330	6.9827	343.7
77.965	43.162	175.45	51272	7.0553	344.06
15.996	91.245	175.44	54806	7.2545	345
98.161	92.992	165.35	46973	6.757	345.13
43.928	45.904	150.52	54365	7.0855	344.04
43.861	88.024	147.81	48338	6.8377	343.71
64.334	34.437	139.36	49637	6.9922	343.89
95.479	22.4	134.44	51375	7.1201	344.4
86.953	52.29	131.99	51779	6.9727	344.39
85.959	82.971	126.55	56908	7.2162	343.78
26.361	18.137	126.23	53098	7.1046	345
67.006	78.561	118.28	56179	7.2025	343.74
98.508	30.587	105.4	38452	6.4777	344.29
95.292	10.139	99.027	50813	6.9665	343.92
12.99	25.639	81.312	52755	7.0989	344.72
68.781	75.727	67.063	52649	7.1056	344.99
26.872	25.007	61.922	58389	7.2992	343.81
61.224	73.349	57.017	49968	6.9505	345.36
3.2462	3.4869	41.762	48153	6.801	343.73
5.9328	57.164	30.75	48299	6.8389	344.76
89.53	78.209	22.031	52449	7.0264	344.7
62.916	38.034	9.7975	56267	7.1904	344.05
32.339	53.872	3.3134	36005	6.2684	345.36
48.358	26.445	247.66	44705	6.9629	343.33
2.3604	83.623	206.43	39115	6.6297	343.15
93.96	42.217	204.98	52556	7.0581	343.47
39.192	96.444	190.17	54587	7.1596	341.84
97.16	84.96	186.5	54234	7.1486	342.67
80.695	31.912	185.22	52134	7.1411	343.16
55.062	59.792	178.92	55783	7.2475	343.19
34.651	45.221	175.26	48693	6.9175	342.37
54.672	14.237	173.05	54164	7.1443	342.41
22.272	33.103	168.76	47813	6.8984	342.54
42.925	23.803	157.36	52585	7.1509	342.82
27.668	78.246	152.31	51988	7.0868	342.16
70.237	59.935	145.9	49271	6.9104	342.01
27.378	41.92	141.12	61035	7.4575	342.99
83.516	92.254	130.71	51747	7.0889	342.49
98.521	59.489	125.18	38083	6.3707	343.42
89.299	58.74	121.62	51555	7.0276	342.28
42.49	97.425	119.17	52594	7.034	341.77
74.727	35.251	116.7	47208	6.9266	342.32
73.615	24.905	114.76	53894	7.138	342.64
59.737	6.6134	111.73	53020	7.1156	342.56
65.99	86.034	107.13	59263	7.3555	342.1
32.092	90.084	97.933	54424	7.0797	343.09
90.342	87.004	95.377	50171	7.0409	342.42
29.488	33.124	70.361	52546	7.0584	342.31
12.962	24.042	68.492	53093	7.1182	342.15
68.656	93.407	64.85	52677	7.1434	343.09
47.093	33.816	64.413	55497	7.2509	342.86
43.722	58.452	58.563	53997	7.1262	343.08
28.7	10.172	58.574	53730	7.1481	342.51
72.508	94.431	42.711	55192	7.1958	342.52
21.806	46.189	34.355	51499	7.0662	343.25
72.371	81.601	28.729	52138	7.0188	341.94
27.555	3.4263	22.075	53523	7.0872	342.59
60.533	48.146	16.6	50726	6.9991	342.79
98.364	54.463	13.22	43571	6.6161	342.77
65.21	26.598	7.0015	58417	7.3416	342.69
81.398	69.175	246.39	46329	6.726	341.06
53.051	10.2	244.55	47193	6.7917	340.56
44.482	58.829	243.03	46981	6.9109	340.7
51.82	84.246	237.26	52016	7.0546	341.23
41.408	14.682	228.5	50702	7.1059	341.27
20.439	84.979	225.75	48292	6.9478	341.45
96.155	86.734	210.49	47059	6.8949	340.24
78.075	41.26	210.58	59211	7.3334	340.62
27.649	44.647	198.17	47849	6.9876	341.41
44.691	17.339	193.3	52546	7.2004	340.65
59.422	42.074	182.14	53683	7.151	341.63
64.69	14.552	171.58	53555	7.167	340.98
60.971	30.797	171.36	48412	6.9734	340.15
94.8	11.007	161.37	51958	7.0209	340.46
67.77	67.006	156.75	53600	7.0948	340.59
51.278	53.666	154.2	48846	7.003	340.16
26.751	68.189	152.48	50703	6.9869	341.44
2.8595	51.39	149.46	40903	6.568	341.52
35.377	7.9338	132.46	52516	7.0936	340.85
32.171	54.661	128.41	51413	7.0996	340.38
64.692	21.222	119.57	55383	7.2659	340.9
3.3509	54.644	119.92	46587	6.8684	341.33
11.993	71.705	117.74	52194	7.0732	340.25
94.461	95.868	115.18	52727	7.1456	340.33
60.542	42.512	101.88	53348	7.1764	340.77
21.236	54.561	97.676	54638	7.1466	341.05
67.505	49.452	91.044	50354	6.9472	340.29
30.734	59.957	84.09	50966	7.0189	341.72
51.478	34.528	76.395	56035	7.2278	341
52.189	76.914	72.116	53671	7.0918	340.45
43.13	57.9	73.326	55613	7.2073	341.19
9.9275	10.577	65.97	52874	7.0582	341.32
87.958	29.473	64.575	47314	6.8435	341
77.981	51.5	58.698	49344	6.9635	341.52
80.109	97.43	52.516	49770	6.9744	340.12
53.025	9.7442	46.4	57226	7.288	341.37
98.141	96.515	30.718	43766	6.7119	341.5
30.546	49.685	29.372	51774	7.142	340.92
98.301	27.647	26.613	44820	6.769	340.31
34.976	13.944	20.497	51403	6.9783	340.65
78.145	5.1216	17.207	50958	7.0734	340.88
62.815	98.866	10.924	30658	6.0881	340.71
16.731	56.618	11.225	49014	7.0087	339.98
73.734	22.852	242.29	52065	7.0471	338.79
22.075	49.313	230.36	53708	7.1603	339.47
34.247	15.973	214.08	52253	7.1818	338.03
68.126	3.4465	209.75	50332	7.0469	338.15
63.978	63.284	210.11	53158	7.1297	338.41
6.3164	93.142	206.92	44194	6.7694	339.71
96.26	71.978	202.96	56267	7.2243	339.48
21.278	25.961	203.64	50937	7.0322	338.89
50.139	93.815	183.44	53221	7.1669	338.03
49.677	40.319	182.54	56341	7.3227	338.65
86.991	95.893	174.18	50329	7.0019	338.25
28.266	7.4318	172.09	52628	7.1905	339.31
50.284	17.583	160.83	45176	6.8591	339.06
7.6013	4.9735	148.64	52800	7.1879	339.05
51.467	92.636	138.92	49956	7.0934	339.09
9.4878	38.352	137.99	48449	6.9707	339.31
12.534	76.955	136.27	49679	6.9695	339.62
65.716	16.518	132.52	53713	7.1454	338.8
70.928	27.11	128.86	53430	7.1367	338.02
29.353	48.088	116.9	55245	7.1517	338.32
38.119	41.825	114.97	54966	7.197	338.87
56.094	26.335	115.08	41954	6.618	338.92
9.6347	44.734	113.23	46714	6.8189	338.69
69.331	58.5	96.485	56120	7.2266	338.52
13.132	50.361	85.805	48138	6.8643	339.3
27.541	87.269	81.978	51430	7.0155	338.72
16.969	24.662	54.798	56859	7.3298	339.69
80.928	19.7	52.427	48460	6.9353	338.55
98.697	58.385	45.52	35219	6.3367	338.12
79.01	27.666	43.247	49391	6.9319	338.2
19.361	23.089	30.915	51020	7.0853	338.05
71.062	28.04	29.881	48320	6.8663	338.45
59.806	29.62	19.432	53006	7.1619	338.2
2.3373	89.333	15.728	33244	6.2715	338.65
97.576	91.062	246.58	47851	6.8502	336.64
61.406	83.925	243.28	49298	6.9746	336.72
81.278	49.34	241.87	48526	6.9954	336.72
34.427	90.173	236.97	49598	7.042	337.56
31.184	11.16	226.08	44220	6.7387	337.39
79.537	98.585	216.9	33955	6.3574	337.1
48.965	97.769	196.03	48633	6.9309	337.85
72.583	64.065	192.94	44974	6.9001	336.84
63.683	26.37	192.04	48058	7.048	336.28
27.887	11.674	185.17	58994	7.3542	337.75
83.227	69.027	172.09	52471	7.1265	336.42
69.869	89.959	172.67	52436	7.1017	337.15
41.375	19.304	169.09	52508	7.1337	336.53
77.324	14.42	156.4	57610	7.4478	336.15
46.516	28.996	144.94	53335	7.1321	337.53
27.055	53.049	140.15	51200	7.0553	337.71
70.631	89.8	120.45	46929	6.8916	336.77
90.608	21.6	120.59	48855	6.9608	337.3
78.705	61.895	117.3	48162	6.919	337.37
14.741	18.735	103.88	49158	6.9631	337.15
15.038	46.834	102.57	52903	7.0886	337.02
45.282	23.307	95.588	48372	6.9199	337.82
93.69	47.794	91.84	47744	6.8965	337.87
98.81	23.251	85.126	37221	6.7284	336.34
21.228	34.034	81.237	46957	6.7411	337.33
85.534	87.842	73.457	50205	7.0527	336.18
16.316	16.724	76.018	51761	7.0465	337.04
37.317	84.591	60.292	49150	6.9438	336.33
26.583	5.2838	45.253	51143	7.0258	337.11
77.99	91.928	31.914	52538	7.054	336.85
91.475	19.844	27.238	50286	6.9823	336.2
45.91	42.453	24.731	49098	6.9549	336.99
34.391	96.849	13.886	50632	6.9595	337.14
28.33	11.712	10.569	46710	6.8824	336.57
69.522	39.238	231.63	51727	7.1218	334.57
82.848	2.4153	229.87	40152	6.6986	335.91
54.65	50.992	224.4	48121	7.0205	335.37
81.621	59.255	224.4	44017	6.8101	335.29
40.821	9.0832	218.04	47645	6.9899	334.46
53.16	80.123	213.13	52320	7.1401	335.9
46.834	60.366	213.42	47787	7.0002	334.59
41.343	40.505	214.52	50083	7.0114	334.58
10.367	30.516	209.37	47651	6.9653	335.09
32.676	94.324	201.75	46225	6.8947	336.02
34.145	85.229	203.25	46389	6.9444	334.82
58.742	82.033	201.43	48700	7.0251	335.95
69.737	55.501	194.44	46507	6.9364	334.46
86.985	83.143	187.87	52851	7.1815	335.08
86.757	24.203	185.41	51787	7.1236	335.46
27.486	23.089	183.04	55996	7.3636	335.13
9.2186	4.0199	175.39	52587	7.1141	335.92
89.688	9.8657	174.8	53352	7.1269	334.69
43.002	82.383	171.29	53121	7.1553	335.21
80.814	6.2639	169.13	47556	6.9796	336.06
52.656	5.0648	167.25	46264	6.9784	334.68
17.653	83.403	156.82	47808	7.0094	334.35
17.183	39.28	147.2	54902	7.2759	334.8
70.66	69.839	144.13	51085	7.0819	334.86
66.793	6.5264	135.44	48486	6.9963	335.76
5.9942	88.272	129.5	51564	7.0438	334.52
56.003	4.9219	124.83	56647	7.2967	335.26
19.298	46.087	115.86	53085	7.1157	334.38
89.743	73.631	97.828	49708	6.9268	335.38
67.465	3.4369	91.729	50754	7.048	335.21
63.788	97.394	87.172	51424	7.0891	334.7
39.31	38.979	86.476	48598	6.9248	334.52
82.341	95.228	83.126	49341	7.0392	335.22
78.987	95.279	70.547	51066	7.1211	335.32
96.234	13.73	60.875	52791	7.1635	335.37
2.6751	88.56	53.554	39314	6.5073	335.83
32.429	25.579	49.503	49315	7.0567	334.26
23.303	26.78	42.535	48785	6.978	334.66
98.271	82.827	14.959	43690	6.665	334.94
38.589	47.423	3.9052	41335	6.5786	335.32
10.715	54.415	2.7903	31133	6.1239	335.41
15.501	24.063	229.07	49541	7.0413	333.71
65.876	59.573	226.87	47041	6.972	332.64
12.512	49.783	223.5	46263	6.9383	332.73
14.561	14.385	217.77	44156	6.8751	333.9
24.512	50.684	217.68	47529	7.0115	333.31
12.936	98.642	199.26	36779	6.6537	333.53
29.173	57.505	151.39	48834	7.0216	334.04
29.998	12.569	150.42	48186	6.9921	333
88.09	64.103	148.78	47133	6.857	332.9
55.07	84.544	131.24	45765	6.8768	333.76
48.527	11.398	128.61	49600	7.0923	333.54
73.513	71.086	119.36	42970	6.706	333.27
97.99	28.696	119.5	43929	6.6521	334.09
61.191	61.206	109.37	47267	6.9752	333.94
37.438	5.9698	95.103	51286	7.1087	333.53
2.493	9.7496	78.53	41670	6.7066	333.92
27.068	50.754	70.149	48690	6.9599	332.73
80.531	12.426	62.194	51778	7.106	333.45
14.36	41.611	61.08	43082	6.7396	334.12
70.551	17.605	62.607	52221	7.1827	333.25
3.4112	9.5701	53.443	47722	6.8896	332.85
55.692	22.926	9.9226	43513	6.6776	332.51
44.235	86.476	247.6	34040	6.3459	331.05
19.142	95.619	247.01	42753	6.6843	332.01
62.911	63.929	246.99	39067	6.4696	331.75
44.924	43.741	242.59	53187	7.2062	332.35
17.879	59.781	237.52	47759	7.0382	331.55
50.535	52.343	238.04	44974	6.9583	330.79
98.464	27.943	233.95	39673	6.5543	332.27
86.485	40.233	220.03	47894	6.9719	330.88
58.218	31.568	213.83	46559	6.8843	330.74
28.081	9.6406	213.43	42653	6.8632	331.46
60.258	95.833	208.64	49558	7.0109	331.65
32.787	36.601	194.18	47234	7.0111	332.16
52.106	84.281	192.51	60364	7.5909	331.3
45.737	76.343	181.81	51302	7.1366	331.68
65.623	98.066	175.52	38789	6.5685	331.09
78.847	75.126	150.05	52337	7.1399	331.17
43.84	37.96	141.22	47544	6.8927	331.27
42.094	38.045	128.1	46277	6.8309	330.71
4.806	44.506	126.64	41782	6.7226	332.36
51.978	67.668	123.88	52299	7.1445	330.64
80.52	88.746	117.22	48438	6.9785	332.33
16.591	89.684	106.38	54540	7.2213	330.99
85.003	12.349	98.201	54078	7.184	332.22
88.997	9.1717	85.927	45315	6.7948	332.26
81.51	38.229	82.358	49720	7.0333	331.26
52.432	59.694	67.358	50481	6.9986	331.19
47.082	3.5154	56.381	47156	6.9283	330.91
81.362	4.6517	53.49	46503	6.9917	331.31
2.6935	46.468	53.923	42340	6.6617	330.57
40.768	30.357	48.92	53124	7.1319	331.27
39.166	36.283	33.673	48146	6.9249	332.27
34.193	34.127	21.474	51049	7.0762	330.96
46.46	24.759	16.373	46621	6.9326	331.95
51.242	4.3484	10.701	55045	7.2602	332.27
52.911	25.154	235.61	55100	7.256	329.52
33.25	31.779	232.83	48266	7.0269	329.38
33.349	67.136	220.74	48063	7.0577	329.03
43.813	17.843	216.96	48004	7.0608	328.68
18.088	24.635	215.67	47391	6.9171	329.85
76.674	30.964	208.62	52723	7.2338	329.42
35.72	52.002	210.46	50572	7.1333	330.07
67.422	87.782	208.04	46049	6.9461	329.27
37.073	44.578	201.23	51800	7.1333	329.48
94.252	30.69	181.87	46316	6.8872	330.45
12.538	34.567	174.29	47373	7.0016	329.5
53.317	36.339	170.55	47502	6.9865	328.67
66.869	17.392	158.3	51747	7.1436	328.84
57.596	2.6753	155.35	40258	6.6642	328.98
11.635	65.868	153.3	50126	7.1039	329.54
93.948	7.571	145.86	47626	6.969	328.74
35.257	58.403	140.05	45445	6.9236	329.17
68.994	98.283	138.11	45981	6.8902	328.86
88.411	44.274	108.15	45448	6.8477	329.3
40.234	32.741	109.31	50177	7.0877	329.89
2.3933	98.013	96.795	33563	6.077	329.57
75.196	43.461	92.929	47591	6.9207	330.48
49.543	75.56	85.448	47316	6.9401	329.6
30.036	71.03	85.45	52437	7.16	329.05
85.32	47.234	83.68	49730	7.0702	328.97
35.58	15.148	80.678	44596	6.8733	329.12
23.783	77.172	66.361	48618	6.9274	329.62
24.241	18.581	50.992	47568	6.988	329.74
23.403	13.66	38.811	50168	7.0657	328.79
40.524	7.4742	27.329	49330	7.022	329.91
97.956	35.713	19.772	45347	6.7687	329.54
82.793	22.938	20.162	53783	7.2133	329.45
97.373	2.5526	13.577	37723	6.5345	329.29
96.852	74.708	232.69	44899	6.8907	326.95
78.896	43.001	230.62	49258	6.9576	326.81
92.465	59.722	227.96	48010	7.0121	327.16
59.471	24.39	225.22	44491	6.9463	327.6
98.299	8.4688	220.96	39941	6.6966	327.3
77.392	21.692	190.17	44849	6.8516	328.21
47.941	20.413	180.49	46553	6.9229	327.71
48.147	95.868	159.53	48985	7.0479	327.33
91.354	98.399	156.08	36995	6.4643	327.2
58.658	97.95	140.56	42184	6.8062	326.97
23.775	78.326	85.076	48423	7.0297	328.3
97.424	3.0437	83.445	45913	6.7993	327.32
27.57	33.977	55.856	47105	6.9404	327.37
10.95	16.654	54.005	52163	7.1314	327.06
2.6574	41.088	37.231	38754	6.5509	327.53
89.62	87.299	16.008	49026	7.0066	327.21
29.738	71.13	238.81	46030	7.0176	324.98
86.106	34.196	207.92	44637	6.8093	326.29
84.061	46.159	200.53	42596	6.8322	326.46
29.678	27.903	194.06	48821	7.0781	325.56
4.7048	71.257	185.54	49641	7.1768	325.22
37.206	3.9113	179.88	50320	7.129	324.92
71.21	69.086	175.34	48582	6.9956	326.34
30.749	26.508	170.77	53336	7.2231	326.59
2.9004	90.931	158.29	43272	6.7034	325.84
87.208	82.644	153.23	50851	7.1282	325.36
38.926	54.435	153.37	46019	6.8754	325.69
76.915	39.985	150.62	53811	7.2245	325.47
4.2088	24.661	151.89	48766	7.0209	326.44
33.525	90.491	143.59	45663	6.9848	325.53
3.5521	64.022	145.87	50994	7.076	326.06
64.967	47.497	137.86	51691	7.2121	326.41
48.637	2.6356	135.56	37678	6.5207	326.08
68.701	2.4265	114.34	33682	6.3372	326.44
48.343	39.442	111.81	43225	6.8763	325.46
98.064	90.981	103.5	47426	6.9038	326.14
68.294	80.91	77.823	46788	6.9668	326.71
33.454	60.339	66.695	48113	6.9788	325.71
71.434	19.032	43.497	44101	6.7889	325.18
2.8214	31.377	38.097	42085	6.664	325.85
48.31	4.0274	36.582	52317	7.1898	325.35
61.077	12.008	26.739	54132	7.2441	326.72
21.934	9.2112	3.2072	37364	6.6771	325.82
94.479	82.109	247.41	34767	6.3215	324.62
84.493	27.843	218.58	48379	7.1183	324.83
93.395	81.712	199.59	52522	7.2333	323.45
2.5871	62.543	192.18	36692	6.6525	323.99
37.981	77.975	191.02	54400	7.2743	324.13
44.524	48.547	177.64	46699	7.0013	323.08
58.849	22.29	166.21	45590	6.9486	323.87
75.718	15.249	168.32	42789	6.8926	323.92
51.764	84.892	156.61	50763	7.1039	323.87
73.263	24.258	151.84	48732	7.0907	323.89
7.1631	14.627	127.77	46647	6.9477	323.19
60.395	86.79	119.09	53533	7.2294	323.13
67.511	75.66	104.87	46639	6.967	323.53
64.061	67.378	97.026	48951	7.0066	323.82
81.055	98.522	96.201	39108	6.6161	323.15
25.752	64.904	94.736	45627	6.9437	323.22
6.293	45.419	93.897	47096	6.9886	324.62
37.345	88.628	74.502	47686	7.0001	324.56
54.754	19.178	51.723	46522	6.993	323.24
49.563	34.936	40.797	48371	7.1132	324.79
67.107	10.363	40.639	50941	7.1162	323.46
2.4377	35.219	14.027	37153	6.4834	323.71
95.086	52.668	2.8478	32828	6.413	324.54
88.888	7.2851	246.33	44096	6.8863	321.91
18.677	23.312	242.25	53973	7.3249	321.35
73.512	69.62	238.2	47802	7.091	322.77
72.537	2.5479	233.54	36035	6.5467	322.08
24.883	25.081	232.81	46326	7.03	323
25.005	65.214	228.65	55728	7.3183	321.23
68.012	18.443	226.37	49752	7.1214	322.22
2.6592	29.898	217.78	37902	6.6311	321.82
63.532	72.929	202.98	45659	6.876	321.76
40.321	26.905	193.25	47839	7.0469	322.3
97.774	23.111	189.27	43834	6.8439	321.65
91.922	15.41	185.22	51104	7.153	322.7
80.249	2.2774	181.69	33414	6.3533	323.02
88.542	76.659	178.51	48077	7.126	321.59
49.042	98.316	173.36	36976	6.4988	322.08
53.103	45.946	172.19	52329	7.2539	321.24
22.32	23.873	161.38	48187	7.0021	321.65
29.285	3.859	143.92	51215	7.1698	322.41
62.746	68.797	118.31	47804	7.0698	321.47
11.438	25.698	116.03	46340	7.0174	322.29
58.082	76.555	111.13	46992	6.99	322.64
45.169	88.644	108.65	42823	6.7708	322.6
20.361	38.076	102.19	43160	6.762	322.29
5.561	85.523	88.486	45336	6.86	322.5
10.409	3.557	77.631	46410	7.0597	321.63
70.205	57.647	54.825	43040	6.7835	322.51
47.531	45.368	42.88	49748	7.1459	322.21
8.2192	20.23	240.13	56732	7.4424	320.64
8.4392	58.153	230.58	48980	7.1042	319.89
48.067	7.5315	229.58	49492	7.0633	319.36
38.368	4.1149	228.82	49414	7.1412	319.86
12.305	32.598	222.16	47192	7.114	319.82
13.7	73.046	206.64	61742	7.5975	320.12
11.864	84.861	187.3	47465	7.0668	319.81
92.594	81.16	163.91	41308	6.7036	320.54
46.834	60.76	159.37	49748	7.0987	319.53
2.5432	69.363	158.61	39809	6.7232	319.33
19.608	60.451	147.11	40252	6.7923	319.45
73.356	56.134	110.1	48297	7.0553	319.87
98.503	44.145	55.858	35618	6.3695	320.61
54.1	41.403	33.278	53222	7.2842	319.43
62.276	36.039	29.438	41740	6.7208	320.76
91.987	7.3154	21.547	48745	7.0364	319.43
72.074	32.196	3.0309	34616	6.298	320.57
6.6733	5.1455	247.63	37831	6.6819	317.81
81.208	58.347	247.43	35312	6.5153	317.83
96.496	12.245	241.19	49886	7.2136	319.31
89.029	25.426	229.93	50647	7.2125	318.82
80.274	64.493	214.17	48360	7.0918	317.51
12.102	21.343	204.67	50476	7.211	319.18
37.483	63.275	187.89	45505	7.0284	318.95
50.807	89.831	170.23	46831	7.0301	317.98
18.174	7.2237	169.14	51924	7.2047	319
61.608	43.222	164.88	38365	6.5903	317.68
33.605	30.261	157.12	53178	7.2734	318.11
47.763	98.559	148.88	32177	6.2848	317.54
51.541	61.877	146.77	48010	7.0949	317.8
46.903	90.17	126.59	45395	7.0141	318.69
41.113	81.375	123.51	46503	7.059	318.9
24.009	38.429	122.44	39373	6.7176	317.5
10.471	15.565	115.74	44966	6.96	318.7
10.501	98.803	114.44	33071	6.3998	318.37
65.733	23.496	106.67	45548	6.9839	317.89
4.5148	16.919	104.57	47696	7.1272	317.53
88.478	2.8827	75.853	41406	6.8416	318.2
66.46	3.8406	28.712	48692	7.1233	317.67
10.374	57.627	247.03	42184	6.8052	316.51
42.272	8.9791	240.37	51907	7.261	316.07
90.092	7.4466	229.76	45681	7.0072	316.58
56.427	76.621	224.74	43896	6.9555	315.87
27.722	92.874	224.71	45821	7.0579	316.3
7.5338	4.8872	208.27	52302	7.249	315.59
98.733	17.944	201.5	31689	6.241	316.4
64.51	29.645	202.82	50294	7.2163	316.4
35.943	54.636	198.3	43557	6.8958	317.08
82.728	13.496	195.66	43541	6.7845	316.31
44.338	2.3147	188.32	34601	6.526	316.61
98.564	13.756	174.96	32639	6.2518	315.91
3.3328	44.058	159.43	42784	6.8054	315.91
58.698	34.799	159.39	47048	7.0683	316.15
69.862	77.438	154.37	42776	6.9728	316.34
46.915	2.4339	148.26	31429	6.2646	316.04
72.984	6.3441	147.72	41666	6.7616	316.06
72.74	40.951	137.86	49412	7.0912	316.91
13.83	9.0854	99.247	46721	7.0073	316.27
98.925	52.377	85.119	32566	6.5163	316.49
77.627	64.284	83.558	40893	6.761	315.76
51.402	16.337	77.368	47094	7.0533	316.1
57.076	12.735	14.662	44004	6.9729	316.43
2.4902	53.767	7.1141	33742	6.2876	316.57
71.911	6.2877	246.88	41625	6.7238	314.18
69.346	95.927	215.82	46335	6.9406	314.61
53.409	89.575	205.66	48450	7.1213	315.44
87.372	6.1058	188.42	43032	6.8734	314.63
33.762	85.95	178.46	47064	7.0551	315.51
63.888	78.858	178.24	48570	7.1084	314.24
17.954	32.243	155.55	46129	6.9505	315.22
37.214	2.8996	152.39	45363	6.8907	315.14
32.774	42.608	128.61	49284	7.1627	314.24
98.524	11.378	114.25	37048	6.5947	314.78
86.371	93.37	106.04	44400	6.9246	314.69
39.924	15.543	99.967	43849	6.9228	314.68
10.986	11.167	87.132	49241	7.0851	314.42
85.288	2.0514	88.545	31038	6.3183	314.46
71.358	13.129	85.903	45260	6.9053	314.08
26.408	16.597	80.789	42054	6.9202	315.57
91.637	54.882	77.45	46896	7.0104	315.4
30.866	9.6494	32.03	44978	6.9271	314.18
79.915	32.147	22.729	46439	6.9989	314.64
56.133	60.403	220.88	49895	7.1692	312.66
96.215	57.408	216.69	43575	6.9218	312.84
87.672	3.2196	200.43	41494	6.769	312.14
87.826	36.713	189.66	40914	6.7853	312.13
69.202	48.38	182.64	42391	6.8699	312.14
45.961	30.407	181.29	49446	7.1705	312.72
35.812	54.804	179.25	44631	6.9928	312.41
2.958	10.38	172.67	38949	6.6844	313.16
49.202	70.555	155.68	49968	7.1509	312.02
83.68	14.712	121.43	48062	7.1405	311.85
18.696	84.281	117.59	42905	6.881	313.22
65.291	31.47	115.5	44172	6.9544	313.27
40.796	16.556	112.43	42935	6.917	312.72
19.244	10.262	53.632	47792	7.1198	311.86
82.499	20.427	6.9554	45556	6.9867	312.93
45.494	97.11	247.75	39039	6.9421	310.96
27.631	19.657	247.24	33743	6.3493	310.85
28.207	39.825	232.52	41220	6.8862	310.19
86.32	49.079	229.6	44689	6.9957	310.42
12.552	3.0924	229.93	45491	6.9475	311.44
7.932	22.494	217.04	47966	7.142	310.31
87.992	13.811	207.42	48747	7.1429	310.74
50.396	26.279	192.26	43425	6.9386	310.35
63.854	66.336	183.6	43420	6.901	311.81
81.951	50.351	168.57	43537	6.8066	311.62
71.152	33.473	159.12	54007	7.3477	311.11
70.442	15.519	145.44	48473	7.1198	311.65
54.935	85.949	107.12	50693	7.1676	310.54
19.123	28.64	104.47	41475	6.8268	310.43
54.492	17.698	91.139	41977	6.8141	310.29
39.389	32.839	76.118	46956	7.0289	310.36
29.545	19.26	31.546	45427	7.019	311.09
27.871	2.8531	227.75	42772	6.8715	309.63
18.829	57.621	224.62	39357	6.7475	309.01
77.303	89.5	209.1	42511	6.9132	308.68
83.839	90.356	198.5	47585	7.1065	308.45
74.22	46.56	195.65	42255	6.8858	308.46
14.245	74.735	187.36	47148	7.2155	308.5
19.396	62.052	188.01	44864	6.9791	308.67
31.556	16.464	171.54	45846	7.044	309.97
58.669	63.17	157.01	48267	7.1209	309.42
10.63	93.697	151.05	44535	6.99	309.09
31.277	48.13	149.72	45422	7.0646	309.31
15.192	30.168	142.33	44472	6.9969	309.45
81.219	24.67	125.41	46247	7.0488	309.75
30.567	17.736	114.32	46659	7.0325	309.21
95.01	28.891	93.506	41900	6.7844	309.9
56.758	15.399	63.438	44298	6.9514	308.93
42.912	11.611	43.602	45363	6.9777	309.72
85.023	11.75	13.315	44563	6.951	308.18
76.646	32.22	235.85	43505	6.8904	307.09
3.4427	39.118	225.18	41936	6.8158	308.07
74.909	4.6162	220.92	49240	7.2008	307.73
12.458	11.699	198.84	47031	7.0926	308.11
61.673	84.445	189.03	43670	6.9873	307.37
23.197	86.726	167.92	47096	7.0614	306.29
59.851	16.947	147.06	45586	6.9522	306.36
98.347	97.528	126.29	34046	6.429	306.92
79.572	71.806	103.55	38742	6.643	306.28
51.167	58.688	82.765	43471	6.8748	307.29
72.438	10.683	51.912	45661	7.1236	308.05
54.191	19.927	23.428	48219	7.1179	306.97
71.506	97.027	231.05	38514	6.6394	304.86
25.046	75.143	220.55	41364	6.7751	304.72
97.947	51.156	204.48	43810	6.839	304.98
53.795	76.384	167.18	44093	7.0876	305.6
20.816	57.766	124.17	44932	6.9519	304.69
47.393	32.678	100.26	43879	6.9015	304.7
98.775	85.57	80.1	32282	6.3787	305.51
69.666	23.681	73.172	44974	6.9295	305.2
98.734	51.895	70.872	30802	6.3423	304.77
62.787	24.907	45.752	47653	7.0999	304.66
6.5456	10.044	238.26	46891	7.0797	302.88
86.292	35.687	231.01	44005	6.9906	304.01
7.4786	7.8976	220.05	44039	6.9725	302.9
26.552	68.562	207.95	46697	7.164	303.08
83.086	28.486	196.78	51196	7.2637	303.12
97.933	75.469	181.04	43222	6.8256	303.06
39.787	98.643	164.9	31662	6.3581	302.57
88.53	41.428	133.14	41683	6.9063	304.32
31.199	58.589	103.05	41347	6.7944	302.99
91.481	19.259	85.603	43675	6.9534	303.5
64.29	3.0803	49.931	44788	6.8802	303.63
95.369	98.618	44.272	34485	6.5489	303.3
29.84	40.022	31.167	45394	7.0265	303.27
81.832	71.717	230.73	43067	7.0191	302.28
46.817	76.608	230.36	40743	6.8986	300.75
13.779	66.013	227.76	45589	6.9859	302.34
94.931	91.64	199.25	46004	7.0099	300.79
9.4412	19.242	175.78	43161	6.9216	302.19
27.519	60.194	166.92	40438	6.8217	300.73
98.576	3.7143	154.45	30309	6.2922	302.26
41.955	64.804	147.36	45598	7.0167	300.93
62.44	90.33	140.41	41396	6.9844	300.67
81.142	2.3044	139.74	31416	6.3229	301.58
20.326	10.755	120.12	41703	6.8677	301.1
44.945	61.971	116.59	43730	6.9392	302.45
98.762	96.827	59.118	29449	6.3567	301.8
3.9936	18.254	41.635	40780	6.792	302.24
17.511	2.3738	19.852	30567	6.2416	300.95
56.539	58.679	232.54	40990	6.9854	300.51
35.4	91.253	215.32	46099	7.1035	298.93
49.979	4.298	205.76	41164	6.8453	299.41
34.567	19.457	192.07	41734	6.9761	300.14
27.433	61.304	179.44	39741	6.8562	299.92
83.237	81.626	167.11	44747	7.0571	299.36
71.711	80.824	141.84	44128	6.9341	300.3
24.065	2.2845	124.23	31236	6.4639	299.54
30.607	13.54	92.211	45640	7.0071	299.7
13.851	2.7988	89.15	38915	6.7412	299.82
63.014	13.777	51.559	56263	7.5475	299.02
20.248	67.849	240.03	46174	7.1419	298.07
31.674	7.6829	238.37	47423	7.1861	297.74
29	56.583	227.17	40655	6.8939	297.1
35.338	23.106	203.65	47942	7.105	298.58
6.7157	11.703	184.69	44520	7.0124	297.35
98.841	84.901	175.68	29978	6.3916	298.03
65.176	97.252	151.1	47483	7.2787	298.27
5.574	15.4	149.12	40459	6.8957	296.94
24.189	60.117	73.576	41285	6.8747	297.4
19.393	32.319	64.595	47939	7.1554	297.42
58.196	4.9536	37.087	44793	6.9724	297.67
69.629	38.33	202.97	42385	6.9852	295.86
34.309	71.077	199.66	45416	7.1736	296.68
30.988	70.221	165.83	49720	7.2151	296.2
19.77	50.026	149.39	47711	7.1802	295.83
54.03	9.9843	148.01	40159	6.7471	295.65
65.246	83.768	129.92	44641	7.0764	295.39
5.5812	18.498	74.195	40874	6.9447	296.76
48.781	33.422	214.01	47083	7.1935	293.76
82.408	21.796	207.46	42071	6.9712	293.7
40.666	33.831	204.6	44246	7.1148	294.73
3.3674	24.468	205.11	43966	7.0451	295.02
54.882	32.638	203.06	38747	6.8514	294.4
14.594	89.64	197.25	37296	6.6979	294.19
31.018	70.228	188.97	44566	7.195	294.08
11.225	25.874	162.78	44368	7.0775	294.79
19.267	2.7251	136.44	36221	6.5989	293.24
82.494	98.265	6.7235	32213	6.3396	294.41
40.115	27.91	215.03	43075	7.058	291.53
97.72	33.566	209.73	38473	6.8161	292.18
18.82	63.656	203.94	36206	6.7854	292.51
98.482	55.602	193.61	31964	6.5377	292.62
70.465	2.4921	186.67	30984	6.4096	291.53
61.569	3.8181	168.53	35987	6.7665	291.9
78.164	66.081	152.25	41993	6.9346	292.84
39.444	73.898	91.005	43064	6.9974	292.09
19.042	84.349	75.159	43869	6.9942	292.45
31.411	2.6046	62.393	35679	6.7404	292.22
61.426	96.659	40.236	42869	7.0078	292.13
53.366	31.788	30.548	45750	7.1453	291.4
56.311	19.23	246.46	34828	6.5359	290.96
47.657	77.229	245.51	44481	7.0542	289.58
9.4178	30.807	241.29	35494	6.6708	290.69
79.979	49.402	220.26	49795	7.37	289.94
17.618	12.524	186.78	40963	6.8834	289.46
71.37	98.443	161.91	39374	6.8677	291.06
63.317	7.9084	148.23	41190	6.9839	290.37
25.091	32.132	145.29	47932	7.2705	290.57
93.06	2.3931	134.63	31976	6.4182	290.77
34.422	2.2719	217.67	33998	6.8223	287.78
5.201	14.181	209.38	37427	6.8368	287.71
8.7436	48.313	200.8	39596	6.8634	288.32
10.599	68.474	175.99	37496	6.7722	287.8
76.92	84.83	155.75	44257	7.0781	289.36
41.489	57.561	86.502	41863	7.0352	288.96
87.256	12.838	51.883	47218	7.2143	288.68
60.761	4.605	17.699	42106	7.0817	287.57
27.253	59.711	215.85	39442	6.979	286.79
36.07	61.914	209.14	38781	6.8746	286.75
6.2946	51.922	212.18	42336	7.0652	287.16
36.475	81.87	150.3	40829	6.9513	286.87
5.3082	96.857	137.79	41840	6.9368	287.06
73.363	23.295	14.493	35685	6.6318	286.02
37.858	59.265	219.9	37962	6.8904	285.47
63.683	21.599	212.68	41197	6.9836	284.26
3.0452	11.05	195.55	33717	6.4385	283.99
76.401	32.518	170.72	43886	7.065	284.65
97.6	79.031	148.64	32851	6.3891	285.53
51.483	3.0491	107.22	37481	6.6681	285.7
7.5126	26.523	48.651	40141	6.8648	284.57
33.641	75.762	211.21	40309	6.9319	282.83
2.986	25.127	171.7	37478	6.6683	283.12
7.1283	73.383	148.35	40314	6.8863	283.06
3.2116	41.664	194.05	42008	6.9726	280.73
35.46	38.603	148.69	39355	6.9658	281.33
53.092	71.631	141.02	40925	6.9476	281.07
45.349	14.887	88.285	45570	7.1599	281.76
70.288	45.201	220.05	41224	6.9766	278.78
40.042	38.648	182.49	38516	6.8603	278.51
36.023	71.53	154.04	38925	6.9159	279.77
84.162	12.937	31.082	41777	7.1538	279.55
68.974	98.49	31.947	34361	6.6067	279.18
53.393	50.157	25.543	40173	6.9387	278.56
79.596	9.7176	239.24	33068	6.6432	277.17
43.04	33.865	225.47	42250	7.0827	277.78
17.449	80.586	197.14	42883	7.1782	276.75
53.504	49.262	184.07	38169	6.9026	277.68
52.273	65.88	168.51	41925	7.029	276.99
3.4847	17.778	161.3	40287	7.0478	277.91
73.089	98.274	13.335	33973	6.473	277.2
58.335	28.519	247.04	38693	6.7973	275.68
79.692	38.056	199.08	41518	7.0626	274.93
28.656	63.624	196.56	41652	7.1438	275.97
68.389	29.373	227.01	39465	6.9261	272.64
51.624	42.8	216.7	37977	6.8881	273.59
84.955	14.12	165.05	41640	7.0308	272.67
25.634	13.879	162.69	40677	7.0771	273.23
18.65	94.37	117.16	35077	6.7797	273.46
67.997	10.674	16.11	37042	6.8204	274.36
16.384	86.018	247.17	35127	6.6814	271.89
48.692	26.361	224.15	37317	6.9372	271.33
79.448	80.923	198.94	38683	6.8714	271.89
93.769	12.436	124.5	38658	6.9643	271.74
63.519	77.701	214.97	33914	6.6471	269.2
10.479	46.06	149.59	35734	6.7503	268.96
16.966	50.113	170.06	39484	6.9847	268.58
4.167	16.694	227.53	37665	6.9393	265.19
69.366	12.51	215.76	38708	6.9787	265.73
34.49	10.72	161.74	33797	6.7489	265.28
80.836	30.309	153.3	35633	6.7114	266.66
93.473	32.921	221.47	32587	6.5498	264.13
17.163	81.168	176.99	41899	7.0946	265.15
38.81	75.133	133.68	34674	6.7802	264.35
28.812	24.579	214.87	35234	6.8705	260.14
49.401	9.3808	183.3	34133	6.7761	260.4
21.008	68.173	81.437	37962	6.8939	260.15
68.014	32.523	245.11	38084	6.9714	257.9
42.91	27.052	233.76	35524	6.8907	255.92
45.109	48.579	112.07	34610	6.7055	255.37
13.364	49.995	238.03	32726	6.6958	253.56
11.553	68.134	195.69	31957	6.7493	252.2
36.638	40.499	234.02	32788	6.8944	246.05
61.172	40.822	220.95	1.5945e+05	7.6869	829.31
86.4	57.459	112.13	1.202e+05	7.2329	832.26
44.748	51.328	206.35	1.5192e+05	7.5057	817.57
75.44	79.491	99.398	1.5213e+05	7.5501	809.43
43.458	78.434	158.48	1.6413e+05	7.815	790.79
60.776	84.184	165.6	1.5906e+05	7.7873	789.94
97.393	4.28	172.45	1.3552e+05	7.3362	784.08
12.547	80.1	87.248	1.1411e+05	7.1719	785.54
73.227	11.68	202.21	1.5643e+05	7.7189	781.12
97.433	38.737	192.33	1.3722e+05	7.4471	781.32
73.247	76.976	222.28	1.5473e+05	7.7247	766.63
53.176	73.58	202.43	1.4915e+05	7.6256	765.4
54.619	63.348	203.61	1.4474e+05	7.5805	763.04
90.926	19.854	173.92	1.5333e+05	7.7084	763.75
75.532	97.724	125.86	1.3115e+05	7.4185	756.56
53.207	41.149	66.373	1.5321e+05	7.7935	753
3.9515	88.358	179.84	1.382e+05	7.5835	748.92
78.828	13.514	215.52	1.3675e+05	7.5536	735.91
2.9554	79.939	103.7	1.1477e+05	7.1147	737.42
40.038	82.205	237.03	1.401e+05	7.6729	733.17
2.6471	53.712	94.055	1.0506e+05	7.11	731.87
10.353	85.978	225.92	1.4441e+05	7.6849	731.2
21.23	98.156	128.19	1.1294e+05	7.2295	730.32
27.05	79.445	185.08	1.3237e+05	7.4339	726.93
19.753	6.5944	221.26	1.3985e+05	7.6798	722.83
35.044	88.222	3.3715	99737	6.902	723.61
2.7901	70.119	172.99	1.1174e+05	7.1728	719.71
98.146	83.089	130.53	1.104e+05	7.1778	720.95
58.15	3.0167	141.23	1.1785e+05	7.2483	716.29
90.144	98.034	132.27	1.1401e+05	7.1679	717.28
72.621	3.0601	56.645	1.1925e+05	7.3028	718.57
97.747	25.352	221.81	1.1782e+05	7.326	712.34
3.2797	35.212	204.78	1.2572e+05	7.4493	710
21.591	2.7985	56.01	1.0808e+05	7.1585	707.83
21.766	70.508	197.16	1.3093e+05	7.5861	693.74
34.515	2.8665	165.22	1.1053e+05	7.2815	694.86
20.768	98.171	156.84	1.0745e+05	7.2403	693.37
63.168	36.22	192.28	1.4102e+05	7.794	689.8
72.628	21.837	3.561	1.0398e+05	7.0943	691.66
47.879	3.2348	219.02	1.0968e+05	7.2574	686.56
96.239	97.759	188.94	1.1221e+05	7.37	687.19
12.158	3.8054	187.24	1.2686e+05	7.564	686.67
4.8473	49.035	245.07	1.2594e+05	7.5078	683.57
7.4919	78.317	196.58	1.3884e+05	7.8303	683.65
82.088	98.285	163.78	1.0398e+05	7.2157	685.12
30.071	98.137	158.4	1.0867e+05	7.2339	684.88
18.346	33.393	246.92	1.1863e+05	7.3717	680.72
3.5718	3.2805	86.793	1.0622e+05	7.1615	682.17
84.827	2.8233	28.272	1.0425e+05	7.1725	679.7
29.527	2.9364	190.91	1.1245e+05	7.3347	678.74
73.073	65.319	247.45	1.0317e+05	7.2063	672.18
2.9604	78.655	164.31	1.0053e+05	7.1481	667.23
88.59	97.843	74.735	1.1252e+05	7.3409	661.94
3.2705	3.7245	67.411	1.0655e+05	7.2681	662.04
98.161	52.153	182.44	1.0566e+05	7.248	658.25
61.167	33.836	234.91	1.2976e+05	7.7629	653.4
21.285	6.7343	145.4	1.0204e+05	7.4487	635.52
21.443	5.544	236.54	1.2456e+05	7.6928	629.24
3.1755	51.903	193.7	1.0399e+05	7.3059	630.02
37.583	74.398	228.22	1.2337e+05	7.7662	617.77
73.687	79.901	243.62	1.1853e+05	7.6399	608.6
91.242	30.935	243.45	1.0241e+05	7.578	554.51
97.601	2.86	197.18	1.0197e+05	6.9401	728.89
2.6719	14.583	117.07	1.0379e+05	7.0958	720.5
4.5027	2.8545	196.55	1.053e+05	7.1687	685.27
81.359	33.456	246.86	1.086e+05	7.3566	653.71
37.332	74.382	246.86	1.0936e+05	7.3788	650.21
16.104	3.2635	158.48	1.0459e+05	7.3763	628.11
73.389	98.159	87.458	1.1067e+05	7.149	725.37
98.18	87.971	118.12	1.0407e+05	7.1056	683
90.593	63.771	247.26	1.0204e+05	7.1886	658.92
